1.442604341633286822e+02
6.612124238107431893e+02
2.220427404460325533e+02
3.015009537574196088e+02
6.195763710676216363e+01
9.495202550267213155e+02
8.807138909638829318e+02
9.125776656205443942e+02
6.269931376483299346e+02
8.990000000000000000e+02
5.470000000000000000e+02
9.732902353436858220e+02
9.425864098319117375e+02
8.410000000000000000e+02
7.868045959805180019e+02
9.720000000000000000e+02
4.173246334214446733e+02
1.502176078251636966e+02
3.774601885071320453e+02
7.554160972381253032e+02
4.745188204122199522e+02
8.503409322600405176e+02
3.017364187951478129e+02
7.085767974879721578e+02
8.067761599348868913e+02
9.157411738159054266e+02
5.633859495869090779e+02
9.687861885466267040e+02
5.582867581992730948e+02
1.350927510590780400e+02
2.438585160895857484e+02
2.043367330600543994e+02
6.477058515479446896e+02
9.232261045112223883e+02
8.481333859196118965e+02
9.346399652686365300e+01
2.510000000000000000e+02
1.914816184307383082e+02
6.050000000000000000e+02
6.746719206345784414e+02
6.039220449890758573e+02
5.600000000000000000e+01
1.891632939327553231e+02
7.626964175372099817e+02
7.253052398521491568e+02
5.598504762725273167e+02
4.830000000000000000e+02
8.704738515245379631e+02
3.339643108188212750e+02
9.580197605266731671e+02
1.633370622849283649e+01
9.381597632022477455e+02
9.630775561144589574e+02
1.610000000000000000e+02
1.000572007017811643e+03
4.799208763423657729e+02
2.435931818457415261e+02
6.054015340787811965e+02
2.055131429778936933e+02
9.161264595935564330e+02
5.530792925478144753e+02
7.765138820637702111e+02
3.816617443729225556e+02
5.346501274162631034e+02
3.602595555515757155e+02
5.640000000000000000e+02
9.400000000000000000e+01
4.982772931009833428e+02
9.960823156548003965e+01
9.840000000000000000e+02
4.704904220225583913e+02
8.407311815636849133e+02
9.153304988974890648e+02
8.500000000000000000e+01
4.149301705786245975e+02
5.635247274643543278e+02
2.222740983162252348e+02
4.110000000000000000e+02
2.617741099097695496e+02
9.357582502963534807e+02
5.801429260374004571e+02
4.185780735551736029e+02
1.534114101841432785e+02
3.308652859778599122e+02
4.580000000000000000e+02
8.343627152869851216e+02
5.003014823693224571e+02
6.556079661210219456e+02
6.858466123459061237e+02
2.583267576348827674e+02
8.225919396923562772e+02
6.360000000000000000e+02
6.426944543987071938e+02
4.915955825807823771e+02
3.790000000000000000e+02
7.959755143536341393e+02
1.702657108601817129e+02
7.213135307620937056e+02
4.893163212541323901e+02
9.178993896943668460e+02
5.431368553513551660e+02
6.428094631823665850e+02
5.973205158073013621e+01
3.482375716469054794e+01
8.476973831827223194e+02
9.461881112008982200e+02
6.692155433931527568e+02
7.653388435720191865e+02
4.133922224155926983e+02
8.435447168253484733e+02
2.324333920774455180e+02
4.320000000000000000e+02
1.014146169066176739e+01
5.067329196930651278e+02
3.742006926868118626e+02
6.188352358768030399e+02
8.510000000000000000e+02
5.930000000000000000e+02
4.842041536218251281e+02
4.888543840030712317e+02
7.612356992158896496e+00
5.526435609112568272e+02
1.285096812789243614e+01
5.304176468416505941e+02
2.757407371978320043e+02
9.784793482325117111e+02
1.814259760242720176e+01
8.141572209139098959e+02
6.750329521192103357e+02
8.071676989474289030e+02
3.130000000000000000e+02
1.080164286944929017e+02
9.731389025140846627e+01
1.498974857402505165e+02
1.929320569916131944e+02
8.830000000000000000e+02
6.600000000000000000e+01
2.683247366766358368e+02
3.978964224980714448e+02
3.740515834636821637e+02
4.070274098738859720e+02
3.580000000000000000e+02
9.912330316397273009e+02
2.268572526274221843e+02
6.850416254703854975e+02
8.488671020315357509e+02
7.830000000000000000e+02
8.592191590211871244e+02
7.605858501768448150e+02
9.450050542710941670e+01
3.802640222398159153e+02
5.537014395296953353e+02
5.760000000000000000e+02
1.045017265413061835e+01
3.460000000000000000e+02
5.008583931127919868e+02
4.349096519716622993e+02
7.853763107901111198e+02
5.668566279510349659e+02
8.589603133636694565e+02
9.636183547073007105e+01
5.291591856416480368e+02
4.355175761704510506e+01
2.124170558845471817e+02
8.691168905816056167e+02
8.885543070344936041e+02
4.765002876452733176e+02
7.180000000000000000e+02
7.534805992565107147e+01
1.410000000000000000e+02
9.003116508650086871e+02
5.645098640479835694e+02
3.390178015347188989e+01
9.950000000000000000e+02
3.154846932266509612e+02
9.624691898760057711e+02
5.880361040844883291e+02
3.510000000000000000e+02
7.137113999493597021e+02
3.992960203951220137e+02
7.793749144134586970e+01
1.634502507147058736e+02
2.414721943042868020e+02
8.356505600917520269e+02
3.901566073673587880e+02
8.975257670027198174e+02
3.327298396218285461e+02
7.566092645208922249e+02
1.409505942351972863e+02
9.894779579141030581e+02
7.251635700943148777e+02
5.017928516377251071e+02
4.810000000000000000e+02
8.750000000000000000e+02
9.100000000000000000e+02
2.980000000000000000e+02
3.415927464751059688e+02
7.700056533654422992e+02
9.558583969146658319e+02
3.977030493089595211e+02
7.745549161313224431e+02
3.062565894516511378e+01
3.380000000000000000e+02
9.935858784507973951e+02
4.916034561107932745e+02
3.568111977058479170e+02
9.421428449707253776e+02
4.328479462395446831e+02
6.806948580881588668e+02
6.616719075148754428e+02
8.669411763673574001e+01
7.010000000000000000e+02
7.990551738027465944e+02
7.141085326783856999e+02
2.830000000000000000e+02
4.000000000000000000e+01
7.126771547786166821e+02
6.349008819630508924e+02
7.406552889765946475e+02
6.630000000000000000e+02
3.800000000000000000e+01
6.195222370030116998e+00
3.092674551362980537e+02
3.609174973468965959e+02
2.707664432393864899e+02
1.335070044941993785e+02
1.883917835278772088e+02
4.498436770214514695e+02
6.780000000000000000e+02
4.090441750831375316e+02
2.726190401329719748e+01
3.549142873452588560e+02
9.406426045987414852e+01
5.990437977942729049e+02
3.254303305724126858e+02
7.200000000000000000e+01
2.928473512963209942e+02
3.887995593783937238e+02
1.720000000000000000e+02
9.021360448564330454e+02
9.062075743133588048e+02
9.791730640138872559e+02
5.729604307495394551e+02
1.705829233923255117e+02
3.817320234887431525e+02
1.398400589594167513e+02
3.021312653750687218e+02
4.941239422107847190e+02
6.426715027695439630e+01
4.356762692627449383e+02
4.221023397725243171e+02
6.700000000000000000e+02
7.792136139515714888e+01
2.526997377889028655e+02
2.475900683470029264e+02
6.260336877688946515e+02
5.948063980390786583e+02
1.965482248802604772e+02
1.079723675809020023e+02
1.610000000000000000e+02
9.498234623945651265e+02
3.332172153116269442e+02
6.211921878746893526e+02
8.050764619573824348e+02
3.010000000000000000e+02
3.357362237469570232e+02
8.164754700030031245e+02
8.605084671008352188e+02
9.752253765046068565e+02
1.371244715782648029e+02
1.590000000000000000e+02
6.510000000000000000e+02
5.540000000000000000e+02
3.151832811954413387e+02
7.390000000000000000e+02
9.697252217466955244e+02
2.924481515800532065e+02
6.959577676721100943e+02
4.920073128921023340e+02
5.768792816249606403e+02
8.860000000000000000e+02
3.770553023241470783e+02
8.174945154329130901e+02
6.200000000000000000e+02
1.148878236119981153e+02
5.648505086287859740e+02
5.932270342503854863e+02
5.466290854508221173e+02
6.827126331300876245e+02
5.510991569974728463e+02
9.540046114862959712e+02
4.626222228331484416e+02
7.093670512560635188e+02
4.394549543089085546e+02
2.923312079852953502e+02
5.240000000000000000e+02
8.199655680044585324e+02
7.966568359959543386e+02
4.101415902449014652e+02
5.720000000000000000e+02
6.343360396536635335e+02
2.430211676707988318e+02
6.596629685323181320e+02
7.162363912994261455e+02
7.900767632200629578e+02
7.496513558228845397e+01
9.917006144369679532e+02
4.802346997726262430e+02
4.020000000000000000e+02
5.076126430295090586e+02
9.213921844782956896e+02
6.927088658981076605e+02
5.446452033874776362e+02
7.917209170492591284e+02
3.605294930162598916e+02
8.965015153608990204e+02
9.120000000000000000e+02
6.391803670108411097e+02
8.598193405098774633e+01
7.699540479200404661e+02
6.586016445807656510e+02
3.560088194484895894e+02
6.479998479834042655e+02
5.410000000000000000e+02
2.140000000000000000e+02
6.784718958641856261e+02
3.900000000000000000e+01
7.536827777296058457e+02
7.050000000000000000e+02
4.314555438901822413e+02
1.154777278457996736e+01
2.597383704036554377e+02
5.116762405250447046e+02
5.197977668493495003e+02
5.815182955240040883e+02
5.762353982704261171e+02
4.467785515049067726e+02
3.921341686775028279e+02
7.733422324624320936e+02
5.895899565401472273e+02
5.014657816197345142e+02
3.459673875995183039e+02
2.556265302576932186e+01
1.055493580060616807e+02
1.900000000000000000e+01
9.627278656799703640e+02
9.440000000000000000e+02
3.360000000000000000e+02
1.426751768315482991e+02
3.128903438975414701e+02
4.563326352258770839e+02
2.078673262083144948e+02
4.839259987793884648e+02
4.771625312091635465e+02
4.391659382730270522e+02
6.977632655236660639e+02
7.430000000000000000e+02
3.012640831819402933e+02
8.111859369186980757e+02
1.160852666987859436e+02
1.160000000000000000e+02
6.489699172777136482e+02
6.781393328908840203e+02
1.653540928507032390e+02
9.849004705882779263e+02
2.449129465519926896e+02
1.754532328241339485e+02
1.611357112153592936e+02
5.608489524898631089e+02
9.594626217339497316e+02
2.328555474114103561e+02
4.060474362802528390e+02
7.960000000000000000e+02
6.414788766600780718e+02
4.331344524292824758e+02
3.019227434239057928e+01
6.151069373719197984e+02
1.983244357822463542e+02
1.000000000000000000e+01
3.898357803557070724e+02
7.057356159597344458e+02
3.280000000000000000e+02
7.533254953604916864e+02
7.310000000000000000e+02
6.356375146916437302e+01
1.027520487271423804e+02
8.729793300098851887e+02
1.879598356320933874e+02
3.269849115988184849e+02
8.990000000000000000e+02
2.633533954523609282e+02
8.640000000000000000e+02
5.287150196277826808e+02
6.401085856661505886e+02
5.979708292829934635e+02
6.123084211390018936e+02
9.680000000000000000e+02
3.489246374367543808e+02
8.465178026695592735e+02
6.183626793364250034e+02
8.147382542609337861e+02
6.300000000000000000e+02
2.984448346993518726e+02
6.154845157129194604e+02
8.575196862302780687e+01
1.349477696507106543e+02
1.188616526616567057e+02
4.300000000000000000e+01
1.840445183314834878e+02
6.944365417164455039e+02
5.118248694871608677e+02
4.192391062112586155e+02
2.040000000000000000e+02
5.460000000000000000e+02
1.867536992927656456e+02
6.365016420586352979e+02
6.944329265293553135e+02
6.462600950799503607e+02
7.300000000000000000e+01
5.559125758324973958e+02
4.906420261922088457e+02
1.412965350977970616e+02
3.155800146608443129e+02
4.520009707466511486e+02
5.461126263083681920e+01
3.600391721713688185e+02
1.058343956328122637e+01
1.375347146624959009e+02
9.560000000000000000e+02
9.648290894149398582e+02
5.064380197306703622e+02
4.959698478664036543e+02
6.856966705599865008e+02
8.300000000000000000e+01
8.408918021012227655e+02
4.896995119396856353e+02
9.360000000000000000e+02
3.186070564300480612e+01
7.620566185454241577e+02
2.930899095587066085e+02
6.600000000000000000e+01
5.386086182048194360e+02
1.692089774365736901e+02
4.583213872734490906e+02
7.435182519297870840e+02
7.669195549436906276e+02
5.507261845380513705e+02
1.142109952920231706e+02
1.152066513589687986e+02
7.761130278639955122e+02
8.242828079975665787e+02
3.678617721054209255e+02
8.236109277962613078e+02
4.261052227023331795e+01
7.199802411300432823e+02
5.473532747219645671e+02
9.907757278766832769e+02
2.380000000000000000e+02
8.310707165425396852e+02
7.523454947436721341e+02
2.987089351028936335e+02
1.000312669278907720e+03
4.507323428304137565e+02
3.495769768223138385e+02
8.177285851164385804e+02
4.400699033833329850e+02
5.470000000000000000e+02
7.766316498807735798e+02
2.379460553666812359e+02
5.150000000000000000e+02
3.180000000000000000e+02
3.516308411139896748e+02
9.980000000000000000e+02
6.337706309271384271e+02
1.669816176902592133e+02
1.402349659267760842e+02
2.076196561867733692e+02
9.470000000000000000e+02
6.035783363934110923e+01
3.518154789528309152e+02
2.820850187901979780e+02
5.397685460476379831e+02
3.246536158546816750e+02
7.050537617551884750e+02
2.903332434649436209e+02
2.683430662780801299e+02
1.530000000000000000e+02
9.864883022617941606e+02
6.802993159233100187e+02
9.622516381434276411e+01
9.340000000000000000e+02
7.866910482912973066e+02
9.197687118298252926e+02
9.934862256446743913e+02
8.800000000000000000e+01
1.278881686138102509e+02
8.670787949911567694e+02
2.506772419381397867e+02
7.123948488391690717e+02
8.294818026986325776e+02
7.624735874798569739e+02
2.650000000000000000e+02
4.904587259156377854e+02
5.784255293041615005e+02
2.697171520874859425e+02
4.152250893650376611e+02
7.660000000000000000e+02
6.346277633502976414e+02
8.811250813073235122e+02
9.409478404261739115e+01
4.960000000000000000e+02
2.792256878517836753e+02
9.373361140885751865e+02
3.700711740754219932e+02
9.512540788653825530e+02
3.282892801609302751e+02
3.473085141984743274e+00
7.751352904376932429e+02
7.337240265394869994e+02
7.319319374870530055e+02
4.594492566797176778e+02
6.651438208318425040e+02
3.592227293409872004e+02
6.433068606017467062e+01
5.354244643875648535e+02
2.188299350152058764e+02
4.306431006852361634e+02
2.128514664077382292e+02
2.695368383144225390e+02
8.293436170488080279e+02
3.387551551707873614e+02
5.789336402609515062e+02
5.671421109171402577e+02
5.940000000000000000e+02
3.447396205526192148e+02
6.835519260932059069e+02
5.820000000000000000e+02
1.005747419162058520e+02
7.848897618405682124e+02
4.605817626735668568e+02
1.252371792303984535e+02
8.586515999286137912e+02
4.422859488764265734e+02
1.675931512104210874e+00
9.590317693039722826e+02
2.033182063973997344e+02
6.895918819115103133e+02
1.329130873840135223e+02
6.509971993406527417e+02
1.599774629058193796e+02
9.337255627259241919e+02
2.750194580952821752e+02
6.555879644187940585e+02
2.513892785491088659e+02
5.500000000000000000e+01
3.290000000000000000e+02
5.530000000000000000e+02
3.973415669322332064e+02
3.065092448442306932e+02
4.180000000000000000e+02
7.320000000000000000e+02
2.070000000000000000e+02
2.480000000000000000e+02
7.860000000000000000e+02
2.140000000000000000e+02
1.336997920399866189e+02
4.300000000000000000e+01
6.809827251215790511e+02
1.028694760846016010e+01
3.030000000000000000e+02
8.181090269132984076e+02
4.380000000000000000e+02
4.233139337750598656e+02
1.331751510925608386e+02
7.182830540051210733e+01
3.840699256757727085e+02
7.317633817639710969e+02
1.034271704495066615e+02
8.370000000000000000e+02
8.819889949802706042e+02
1.381292947435456142e+02
7.744604836506241554e+02
7.541578009910680294e+02
1.341462311862121624e+02
9.939401552463849612e+02
1.438530668348938377e+02
5.315082765466810315e+02
9.474741953009568007e+00
6.510202131578068929e+02
4.410994207798518687e+02
7.234320263643223825e+02
6.290800383409025471e+02
1.523741308442809839e+02
1.850000000000000000e+02
6.875661698757398881e+02
8.609625246021499834e+02
8.768803346598852499e+01
1.014651124776387832e+02
7.534456465479523786e+02
5.905739177615131439e+02
3.850319093431207307e+02
3.800000000000000000e+01
3.155036681821693492e+02
6.430000000000000000e+02
2.779676569448453733e+02
4.630000000000000000e+02
3.710000000000000000e+02
6.010078672258529195e+02
6.085930989155232282e+02
7.799696525132599163e+02
6.914760750146538157e+02
8.488921044399589846e+02
6.594053700851438862e+02
3.026493335771986040e+02
5.187491277972375201e+02
7.540000000000000000e+02
6.940000000000000000e+02
1.000000000000000000e+02
6.000000000000000000e+02
8.989125603569896157e+02
9.556715113471527729e+02
4.958877199432668590e+02
1.137436626038085308e+02
5.005825412726575792e+02
5.949297681377231584e+02
5.292865009361842112e+02
9.786969478433355789e+02
9.878825328431889830e+02
9.349244016742159147e+02
1.329828807327020286e+02
8.618140039367474401e+02
5.693803887729609414e+02
3.664124628480986985e+02
6.839420490024261881e+02
2.690000000000000000e+02
9.554529839408863836e+02
7.713670492246138792e+02
1.768940177085620391e+01
6.853256927276719068e+01
7.390000000000000000e+02
4.082686193718976142e+01
6.146885958820568874e+01
7.902899989930913307e+02
5.076106042749269704e+02
7.640000000000000000e+02
5.020489655070751382e+02
4.164319943754019278e+02
7.028106386235162972e+02
8.342781192464588003e+01
5.375648160700153539e+02
2.780000000000000000e+02
2.784677357345600512e+02
3.109068856166419437e+02
5.123046982953314910e+02
2.041974939578278168e+02
2.000000000000000000e+02
5.373901728894583130e+02
3.917315029683496732e+02
6.352942473532566510e+02
8.355264691847527274e+02
6.820556847092103681e+02
6.711508362121499260e+01
6.996758816054913268e+02
3.870000000000000000e+02
8.474681151407762627e+02
5.890594402313043076e+01
8.721279839148931501e+01
4.354835886060191115e+02
4.543718422971426776e+02
6.098324044274435209e+02
3.102900638735262078e+02
7.426935090575542517e+02
7.416581802341781895e+02
1.204430069078874510e+02
7.089006071180983781e+02
7.024996112238660544e+02
1.648326309354075647e+02
9.540162017546975903e+02
5.240053627284082722e+02
7.839871015437458937e+02
7.217655180934590362e+02
1.700000000000000000e+01
1.279306074811248379e+02
7.821239799369875527e+02
2.697644864092456487e+02
8.874147597406559953e+02
7.724302904896246673e+02
2.850000000000000000e+02
8.081078466573698051e+02
2.729805950213537358e+02
9.170000000000000000e+02
7.133232482004954136e+02
5.776516747141839687e+02
7.807003128638534406e+01
4.561977776794274746e+02
3.611238955217532975e+02
5.006100057613832632e+02
5.678861282384498281e+02
3.686877778568117492e+02
2.561160810390781535e+02
1.039049150218695985e+02
5.749123051920564649e+02
7.237783733258664824e+02
2.294044231532510594e+02
5.098248849106468015e+02
4.503790726280954004e+01
3.100000000000000000e+01
2.455514503567034410e+02
4.727645895777381497e+02
3.839794743673991206e+02
1.510846682411500694e+02
9.321600771571854693e+02
8.584851977479723928e+02
3.580000000000000000e+02
9.149476695211290007e+02
7.416658281065768961e+02
4.203693043627985162e+02
1.610000000000000000e+02
8.270000000000000000e+02
7.212879214281971372e+02
2.722579580098166616e+02
7.888706996691196593e+01
3.738081667378613133e+02
5.030409425595827315e+02
9.029410092582713787e+02
1.803443502723056611e+02
8.053380194587566621e+02
7.300000000000000000e+01
7.960000000000000000e+02
6.992643777274510342e+01
4.660941779168861103e+02
2.833068706209024299e+02
4.660000000000000000e+02
3.283009217261189292e+02
5.540913953240675482e+02
8.969173557455523138e+00
2.016711534529558207e+02
5.648067408241869316e+02
3.010000000000000000e+02
6.700000000000000000e+01
4.649266905804992689e+02
5.926909349848161810e+02
4.943606758548848461e+02
4.290000000000000000e+02
1.964224238728234866e+02
9.014432972264232831e+02
7.614822203216965590e+02
2.461268743765828617e+02
7.377882751804064831e+00
4.110361095660198885e+02
2.339977418597429732e+02
3.474236977394061796e+02
8.405740068961738416e+02
8.781986142515750089e+02
9.519902621434432604e+02
1.530000000000000000e+02
6.583038501759978089e+02
8.500059877789217353e+02
7.282150390409725560e+02
1.049490193515596417e+02
5.308144890600125336e+02
2.391675945208656628e+02
4.930288768498975855e+02
6.089507565318963600e+01
8.600000000000000000e+01
7.126524747001027436e+02
9.402663835808822057e+01
9.222744029721063725e+02
8.982874719314592085e+02
5.207592184920370073e+02
7.018469096986796103e+02
3.734919740740807583e+02
8.660000000000000000e+02
8.590241751648952118e+01
6.670000000000000000e+02
7.530000000000000000e+02
8.209628918942159999e+02
7.583048432987749266e+01
5.688207282892083185e+02
7.210000000000000000e+02
9.652182747327408379e+02
4.900000000000000000e+01
7.350000000000000000e+02
3.160089154097582878e+02
8.018168219994952324e+02
7.017256063215421591e+02
7.363528687823680912e+02
3.190577192661006052e+02
5.370000000000000000e+02
7.568743580247971181e+01
2.037126262792336888e+02
7.809369824688628796e+02
5.857080358041289401e+02
1.564105513219367083e+02
5.480000000000000000e+02
4.670551124366617728e+02
4.075125519092137552e+02
7.700000000000000000e+01
9.656347222502287195e+02
2.086362256103535628e+02
3.093077182125045965e+02
2.660079269147082073e+02
1.209135563553935810e+02
1.586153770655162134e+02
6.870548429505151944e+02
8.273866879396497325e+02
6.978779832370763643e+02
3.260000000000000000e+02
8.369247509879862719e+02
3.287936588847919666e+02
9.221290379134860871e+01
3.040000000000000000e+02
3.567427555042837071e+02
5.144596753787294574e+02
6.781833769890718031e+02
2.611667927212238851e+02
9.916766204079071940e+02
3.208209335875955048e+01
4.053922264471746644e+02
4.532011694010627139e+02
7.490784472087092354e+02
2.508526282215510719e+02
5.860000000000000000e+02
8.048967534438501161e+02
1.407930392731223606e+02
1.295692316941299183e+01
4.170000000000000000e+02
9.835672374836216250e+02
1.317152375439779632e+02
5.930000000000000000e+02
7.070000000000000000e+02
6.312975486038244526e+02
6.456850157085017372e+02
5.833238014140631549e+02
2.598206523465258329e+02
8.137470916136143160e+02
2.280018273861272604e+01
6.547203604690976420e+01
9.034960819332814026e+02
4.444313238359888487e+02
1.297915489970045257e+02
9.060779703801529195e+02
8.303561772174178941e+02
4.550000000000000000e+02
3.530000000000000000e+02
4.619949220019407221e+02
1.689892087290564291e+02
8.010000000000000000e+02
8.226854015322837768e+02
3.959986882219193944e+02
3.048229300029148092e+01
6.842129167516828829e+02
6.690000000000000000e+02
2.157161059700266605e+02
1.881511137111616563e+02
2.808545542807237894e+02
8.844237988936260990e+02
3.564944373150591161e+01
3.020000000000000000e+02
2.467847792452454314e+02
9.400000000000000000e+01
4.129922062961650795e+02
5.516886652039805767e+02
6.197906893284277174e+01
2.807759874389713559e+02
4.180000000000000000e+02
2.004578066665866345e+02
8.856525162249649838e+02
8.210000000000000000e+02
6.317543888247554378e+02
8.031680827711275015e+02
5.200000000000000000e+01
9.904036157615339562e+02
7.829157668454249688e+02
3.620000000000000000e+02
5.455178060340516595e+02
4.856794854405083015e+02
9.136770165983670040e+02
5.033932555437417022e+02
3.893812745693003876e+02
3.460000000000000000e+02
3.198775673293795307e+02
2.200201880730945447e+02
8.967647816143137334e+02
7.795382813284744543e+02
5.959123027811852324e+01
9.925313234305708647e+02
5.304322919654316593e+02
7.678421684502728795e+02
1.000605746811346080e+03
9.749798617335021618e+02
1.011343373049575831e+02
6.578644213762341906e+02
2.675270010656830664e+02
8.172851616087347111e+02
9.182594825704405821e+02
5.690865585244975478e+01
9.973920485064571722e+02
2.204115860439248422e+02
8.475050904651330939e+02
4.050000000000000000e+02
3.558046345651598585e+02
8.402222523059092509e+02
4.110000000000000000e+02
1.771003675799900350e+02
5.935195091814126727e+02
8.072102253593883461e+02
6.986265635995799812e+02
9.149800041285343468e+02
9.200000000000000000e+02
7.015608033514182580e+02
7.180000000000000000e+02
5.646064867831936454e+02
5.641088908640183490e+02
1.892336649052562905e+02
6.710000000000000000e+02
8.826263598977602669e+02
4.932267238954052004e+02
3.100530721512195669e+02
4.914364201274792094e+02
9.125737685090284401e+01
2.336233580832390828e+02
2.198089416915772745e+02
5.274485141485108670e+02
1.683496383830806131e+00
9.188961859206465306e+02
2.024643833521411125e+02
1.314895456191825929e+02
3.720000000000000000e+02
9.197807873072060829e+02
8.452840864376507852e+02
3.245888113048371793e+02
2.291289624357228760e+01
5.876091750912095222e+02
9.182241474811186208e+02
7.753664988198919445e+02
8.474808875791346736e+02
5.470000000000000000e+02
9.615587502757579159e+02
3.745907800833732040e+02
9.429232134680416948e+02
3.965955623538542909e+02
1.020321701806863359e+02
3.027651537254690766e+02
1.374516688574900627e+02
1.585038860168458541e+02
9.496935320263233962e+02
7.928425249998717845e+02
9.616621003687382654e+02
6.501802656448139714e+02
1.752026709555306638e+02
6.230000000000000000e+02
6.945603982925430273e+02
9.298452089854253018e+02
6.610000000000000000e+02
2.242372139806424514e+02
5.899501557831035825e+02
1.763516299902208004e+02
3.078232292979580507e+02
6.894984395989571340e+02
1.283483647235354965e+02
7.298309559359989862e+02
9.497881042212876537e+02
4.600000000000000000e+02
3.500000000000000000e+01
1.880000000000000000e+02
1.500000000000000000e+02
3.338274292708742763e+01
6.033886674509711838e+02
9.220382164180794007e+02
3.960000000000000000e+02
2.218952504370120664e+02
5.665502461203204803e+02
9.376877935542541991e+02
1.416433681485683564e+02
2.720000000000000000e+02
2.389959251493969248e+02
9.833796549403568861e+02
1.688874167515841407e+02
8.863202533951373425e+02
5.400000000000000000e+02
7.099658131452243879e+02
6.401026879048789624e+02
8.876535152178217913e+02
4.476299340977938073e+02
2.662124405628761679e+02
2.505408631352787836e+02
6.879478006423377678e+01
2.576579415427148092e+02
1.090346012146292622e+02
2.281157494689932896e+00
3.869370979534099320e+02
7.335844944987686631e+02
9.701018251056851796e+02
3.670000000000000000e+02
7.800000000000000000e+01
3.797125747742589965e+02
5.470239676784542553e+02
1.024285596371216087e+02
4.804892503971605038e+02
8.650507204685768556e+02
6.519695631134773066e+02
6.881604042171144329e+02
1.636565117484883842e+02
7.470938956137418074e+01
8.467624840245603082e+02
2.959086131161301410e+02
2.710000000000000000e+02
9.526621314341206244e+02
7.520040176665932563e+01
9.140000000000000000e+02
3.764578840799963473e+02
7.329850852713168479e+02
6.500000000000000000e+01
8.991241731199735341e+02
9.410468538068661815e+01
5.950305440520949105e+02
6.146447257788938714e+02
4.060000000000000000e+02
3.199320405217498120e+01
9.434422581019638301e+02
1.659971947619141019e+02
8.907532704040436329e+02
1.581037773307840553e+02
1.022578109733356371e+02
2.065504767179371299e+02
1.909842575883854465e+02
1.880000000000000000e+02
7.230381045756756748e+02
7.110000000000000000e+02
2.662647693499765751e+02
2.825230734452652541e+02
2.385482849472456621e+02
5.063544303850986239e+01
3.700000000000000000e+02
8.408545048456510358e+02
1.545899345167341892e+02
3.618289212272730424e+02
4.286059574457135000e+02
2.955494489662148112e+02
6.630202260098676561e+02
6.012155280137687896e+02
2.006748007609463400e+02
2.673569273168574512e+01
1.718321916922230912e+02
2.928114660461075118e+02
8.293609471299234315e+01
8.447690743469365771e+02
3.093534001177293931e+02
3.984673485081229387e+02
4.900968121206572619e+02
6.620400547460048983e+02
9.213687755067923035e+01
5.451260292196803903e+02
8.280000000000000000e+02
8.864926927495389464e+02
1.580000000000000000e+02
4.467752707944580948e+02
2.642959666828842273e+02
4.660579561546505261e+02
2.272422802826669113e+02
2.695619932729496213e+02
6.263936966009930529e+01
7.532351421152870898e+02
6.684684591345684339e+02
8.670731183991708235e+01
4.070000000000000000e+02
5.424490060060220458e+02
9.717055371735757490e+02
5.907264423036034486e+02
5.546019061579088429e+02
7.400000000000000000e+01
1.310000000000000000e+02
4.196320749344505430e+02
5.365144119789297292e+02
8.678940137055623154e+02
4.758243881219199807e+02
8.826538694176227864e+02
4.772622810814686432e+02
7.995504977408319291e+01
9.037772013391540895e+02
7.153056991303599261e+02
5.031014703156048427e+02
9.900000000000000000e+02
8.014503367206856410e+02
2.760000000000000000e+02
6.212731143493030004e+02
1.212818747554332788e+02
7.581887556391934595e+02
1.738789728064944597e+02
9.853679902491329585e+02
9.731648783377569316e+02
8.094607213193630741e+02
1.271859986385397434e+02
4.243748993155994640e+02
9.892799363369157390e+02
4.363932455325072510e+02
9.982692267787756464e+02
6.282262122323978701e+02
7.520000000000000000e+02
2.588863599877765296e+02
9.118044857315942409e+02
9.151739368985865895e+02
6.801195304861241198e+01
3.890991530147507547e+02
3.983549943570359346e+02
3.271268053697360187e+02
2.772008199072492971e+02
1.880000000000000000e+02
8.744662533727570235e+02
7.875506388277717633e+02
1.250000000000000000e+02
5.235620104498092360e+02
4.205938342252286475e+02
4.154423987689787054e+02
1.491997412934445890e+02
5.889341332813879717e+02
7.593773878576729430e+02
9.406499849871098604e+02
9.259281667592734948e+02
5.636837594773224964e+02
1.019904428254486675e+02
2.870928540488724252e+02
3.230000000000000000e+02
2.020000000000000000e+02
4.118900372992204666e+02
3.840434728770528636e+02
4.865847922863306962e+02
6.099621519524351925e+02
2.440000000000000000e+02
3.000000000000000000e+02
1.448526706266737278e+02
6.096552640856269818e+02
6.946612531670920134e+02
3.978253248179508716e+01
8.905742139142574842e+02
8.500000000000000000e+01
2.385792939163071651e+02
7.467498198391360802e+02
9.218349829061652372e+02
8.980313621494225345e+02
2.123288859327188050e+01
8.183859253052775102e+02
3.040549534480966258e+02
2.813466531846415819e+02
4.926192133593170297e+02
1.460000000000000000e+02
7.700000000000000000e+01
8.699000250991986150e+02
7.570000000000000000e+02
9.752194246033104719e+02
4.441106133314288513e+02
8.268233317797505606e+02
2.704199810087636138e+02
4.177727277053827493e+02
6.465548114276442675e+02
1.889356908926114045e+02
2.123905021058976104e+02
8.249694342551406407e+02
9.620000000000000000e+02
7.604932952262566914e+02
8.681889705502256902e+02
8.220173923984602880e+02
5.162697026095568162e+02
1.599724426390004623e+02
3.121230932889088763e+02
3.670000000000000000e+02
1.366498210170597929e+02
8.522953409871921622e+02
4.160000000000000000e+02
1.310000000000000000e+02
1.937634468315582126e+02
8.339299330765512650e+02
8.379766776086950131e+02
2.504902613242793166e+02
9.640000000000000000e+02
9.190310693411162219e+02
7.056339452200364804e+02
2.749774984743589243e+02
8.245062916891162104e+02
5.061263749371638596e+02
6.364098090758440094e+02
1.248728588906999875e+02
3.156319238199356647e+01
3.734667615353072279e+02
5.950435934521512991e+02
1.785836941638616508e+02
8.714807719184628922e+02
5.878802484224268028e+02
3.507599016446545193e+02
1.645136145178508400e+02
8.954919203121953615e+02
8.570000000000000000e+02
6.898505376159542948e+02
2.860693764347619208e+02
3.875656707409846717e+02
1.440000000000000000e+02
5.732580610203007154e+02
9.659176092022551074e+02
8.581111874383022950e+02
6.483798917614819857e+02
6.786952460909707270e+02
2.700835792689571235e+02
4.105071964955421322e+02
2.105235749952438695e+01
7.813036642606433588e+02
7.685727284118513580e+02
9.897986070045771356e+00
9.125154380523717919e+02
6.483715541750241300e+02
6.021419504945338304e+02
9.463727114871311130e+00
2.533904413606514652e+02
8.060855691954863005e+02
1.810000000000000000e+02
9.680244433683766374e+02
6.437403112901639588e+02
7.870000000000000000e+02
3.774754522710007905e+02
3.497091992720813209e+02
2.529987092778760314e+02
4.676980154972156924e+02
6.781961563873132945e+02
8.253108214706635408e+02
3.981525399721201666e+02
1.033121029686001577e+02
5.125137174683018202e+02
4.780000000000000000e+02
8.442839500857771782e+02
3.752297631610715030e+02
6.483421200645904037e+02
6.100501046380168191e+02
2.994759262532974162e+02
1.091045305858434631e+02
6.483705389710991085e+01
9.893609658217670813e+02
3.700000000000000000e+01
2.480000000000000000e+02
5.700000000000000000e+02
2.920000000000000000e+02
8.933737976809327392e+02
2.997911119189864166e+02
3.500000000000000000e+01
7.664743883036231864e+02
9.006870447454948589e+02
8.064298226335298523e+02
8.033637444528116021e+02
8.080000000000000000e+02
8.150000000000000000e+02
6.817557503873817950e+02
6.860000000000000000e+02
6.564005704624415785e+02
9.984690995782958680e+02
2.604262727119889291e+02
4.420000000000000000e+02
3.892749210054583386e+02
9.280000000000000000e+02
7.090689593758711453e+02
5.730424340368412004e+02
1.909151604113507119e+02
7.275498765809035149e+02
2.233631939762689171e+02
5.356351015442131711e+02
7.858970552961169460e+02
9.075265055050547289e+02
6.728684759624088656e+02
2.650000000000000000e+02
4.870000000000000000e+02
8.416386945964000006e+02
8.774947843421105063e+02
8.050000000000000000e+02
9.860306381270933684e+01
1.289441396960533552e+02
2.596518505602078903e+02
8.093438691424701119e+02
7.639182183193024684e+02
1.840683570125950439e+02
6.807123692899282332e+02
3.366324632051187677e+02
9.029982201943920472e+01
3.562833961198323891e+02
7.452099293428080955e+02
3.080852713322085492e+02
7.890904368075993034e+02
3.323171369707764597e+02
2.615592354057035891e+02
2.950511216503427363e+02
8.522138882114102216e+02
4.715365676706801992e+02
8.673933696925396362e+02
7.360000000000000000e+02
8.280000000000000000e+02
7.221573740407582420e+01
8.904260614703878218e+02
5.014773744927043708e+02
8.684977546982299828e+02
3.826692198055870904e+02
2.993557538174632668e+02
3.010000000000000000e+02
8.552397704033437549e+02
1.383652591731239170e+02
2.012965907951435156e+02
4.101918467521040839e+02
3.410000000000000000e+02
9.076209345061275826e+02
4.585714330615412564e+02
3.173834576487088839e+02
7.166684561100360042e+02
7.799411774338145733e+02
5.040000000000000000e+02
6.320327722626951754e+02
1.778242665634607249e+02
6.354989691526710658e+02
5.713501423993848860e+00
2.745278622014996017e+02
7.621932812149991605e+02
1.696057565829076736e+02
3.630000000000000000e+02
4.905770906300164143e+02
7.645691671054992185e+02
8.904134375904459375e+01
6.154797387250617930e+02
6.344875407025941740e+02
4.043934803979504409e+02
9.663278401300331097e+02
3.843164200534606607e+02
3.872531847493798551e+01
2.004142512281169672e+02
3.741014054273710485e+02
1.507711872463213254e+01
3.232131338480690488e+02
8.342286665665640157e+02
8.100000000000000000e+01
6.777481416771100839e+02
6.276869286716225815e+02
2.498231228758819213e+02
6.530000000000000000e+02
3.453497740633209219e+02
1.299308004283027458e+02
3.845504763076936570e+02
3.050000000000000000e+02
1.680201872683093711e+02
8.248438296744103582e+02
2.992022534941387448e+02
2.918277918094865981e+02
7.288319114468127964e+02
5.973699186155023426e+02
3.388351512079329382e+02
8.889740438370416769e+02
9.964724098279283453e+02
3.437328392575599310e+02
8.780000000000000000e+02
3.602508863666323577e+02
1.894260338908694337e+02
9.490843537069426930e+02
9.192054088414333819e+02
4.043916445011253131e+02
2.294182848358254887e+02
9.720000000000000000e+02
1.322057764171825625e+02
7.350766193115208580e+02
5.906928347992416093e+02
1.699847418901471201e+02
5.900000000000000000e+02
6.515403801212247572e+02
3.836342769259526619e+01
8.775441375994762438e+02
2.567891739252928573e+02
5.357334341938404805e+02
4.958696158173725621e+01
9.956802336570648322e+02
6.629699158378946322e+02
6.545676184007526217e+02
2.074176651414516570e+01
6.907497483774260445e+02
4.177755651795438325e+02
3.812537629276146163e+02
5.482823847289255355e+02
4.753963383277372259e+02
1.541270981244363725e+02
2.980000000000000000e+02
1.190000000000000000e+02
6.900000000000000000e+02
6.626645760907219938e+02
6.634829658888967288e+02
2.709771495371891206e+02
6.066343369240041739e+02
1.381635229798089313e+02
8.316527204708897898e+02
2.100000000000000000e+02
7.197662245161678811e+02
1.187345684372392896e+02
5.660000000000000000e+02
1.072637083063949746e+02
1.996466617062822024e+02
9.860000000000000000e+02
2.639939156137318719e+02
5.241461075925806199e+02
2.026731899821894274e+02
7.044367502462582706e+02
2.963512010006129458e+02
4.040570762856865628e+01
4.973547133680926891e+02
2.086939842716149940e+02
9.341243446518774363e+02
3.316036161967014095e+02
3.737999057392692670e+00
6.726331324652048806e+02
9.078800442697920516e+02
8.362321652632411997e+02
6.700219305016400995e+02
1.501444926667660980e+02
9.108267357592447411e+01
5.127053469646589292e+02
9.030000000000000000e+02
1.180000000000000000e+02
2.568921027506648898e+02
4.520000000000000000e+02
9.896659307576040874e+02
2.970221787104384816e+02
4.652773572361483616e+02
1.008089150576174688e+02
3.990000000000000000e+02
4.044451996869358368e+01
2.915671772376794593e+02
2.290000000000000000e+02
1.630000000000000000e+02
7.395401957921761777e+02
9.599847033058028956e+01
7.592040048412383157e+02
6.370000000000000000e+02
8.529987250744881067e+02
6.643550274908440088e+02
1.715122763563753381e+02
3.585274042377442925e+02
4.387145167819347193e+02
6.228070333325072170e+02
8.794755373974736585e+02
9.395131543742229496e+01
3.280000000000000000e+02
1.838694203036427268e+02
4.017775142807529392e+02
9.633099301497539955e+02
2.728330907501901379e+02
5.720000000000000000e+02
8.516715780365840374e+02
8.008990969489501595e+02
6.498464838722637751e+02
8.310000000000000000e+02
1.140565563776461175e+02
6.971698735237948767e+02
5.964639566517737279e+01
9.434669879999000841e+02
1.603953974821649240e+02
4.170277166308965207e+02
5.917503029903384686e+02
8.032647840450958938e+02
6.793931362492055541e+02
1.822605605373020978e+02
3.807507791158876103e+02
3.595989148270966211e+02
2.981622957122154105e+01
6.854641333814728341e+02
8.395364765471117607e+02
9.744445802253692364e+02
1.316553295484158639e+02
9.213979856381026821e+02
1.139374793737674167e+02
4.122842637351742496e+02
4.697232537966999644e+01
2.626128672284898471e+02
3.152379448738709016e+02
7.030000000000000000e+02
6.789289210201643527e+02
7.685287182899103300e+02
4.320000000000000000e+02
5.660122256873913784e+02
9.788955575507984577e+02
6.708443582143154345e+02
3.393006417684232474e+02
5.241031752246740325e+02
7.015801842975542968e+02
9.624213845169471426e+01
6.627132628459629586e+02
2.495769948507076208e+02
3.467494874575036761e+02
6.772955683574411978e+02
3.858766174067143311e+02
1.030000000000000000e+02
5.593442367021879136e+02
9.887916247614772374e+02
3.090000000000000000e+02
6.443987165568129285e+02
1.579273733017412269e+02
8.498455747760007171e+02
8.528711514460661647e+02
8.704156346127679171e+02
7.586524247698478973e+01
4.926479611444012221e+02
2.418918166972311496e+02
3.000000000000000000e+00
5.135071452654393909e+01
2.237065231687990092e+02
6.443173148232518770e+02
4.042769934617228387e+02
2.359999999912871829e+02
4.600945947482352381e+02
8.022612877267221165e+02
4.490985856653738892e+02
8.575892241780171616e+02
4.480681199137980002e+02
4.050000000000000000e+02
4.983733480665010234e+02
2.540000000000000000e+02
1.280000000000000000e+02
4.133385476755494210e+02
5.581310114048330888e+02
1.169715478336440739e+00
9.189554691153223587e+01
6.052032760617975100e+02
6.200661537463822697e+02
3.055979581036485229e+02
2.700000000000000000e+02
2.078512488498983544e+02
6.724743707791560610e+02
9.513551299933657219e+02
3.643424775698109670e+02
5.527521330556783852e+01
2.239181143963145928e+02
5.570000000000000000e+02
5.611508451060681182e+02
4.300000000000000000e+02
4.741336810935889048e+02
6.581672064311395616e+02
7.169135002831552583e+02
1.150233583557382957e+02
7.603199510791171178e+02
2.227471078201900241e+02
1.380000000000000000e+02
8.308838856344011674e+02
9.654336834543399846e+02
2.929835638082814739e+02
5.229850866041358586e+02
7.030960532599854105e+02
4.677810985503427332e+01
1.651553677053908586e+02
1.414491873222488607e+02
7.178561126478826964e+02
7.225590954513158977e+02
1.079615055195189939e+02
6.118517661386837290e+02
6.490000000000000000e+02
9.312162591531453018e+02
3.938964899151734471e+02
7.730000000000000000e+02
7.824204036487547000e+02
6.870000000000000000e+02
1.087657472874919904e+02
2.510000000000000000e+02
9.276265305373107140e+02
8.384662374864649337e+02
3.480000000000000000e+02
7.200000000000000000e+02
4.515045969589640436e+02
3.560000000000000000e+02
8.430000000000000000e+02
3.760000000000000000e+02
4.998286421026112407e+02
6.050000000000000000e+02
4.957160563190521430e+01
9.363082808316526098e+02
8.398161106789165160e+02
4.839319635359262861e+02
6.890000000000000000e+02
9.221623140438010751e+02
1.782024385021455544e+02
5.795543857041766387e+02
7.314946617427777937e+02
1.293817820515778010e+02
3.884055792206659703e+02
6.015460218054113284e+02
8.836958635586780701e+02
5.051101193531644071e+02
3.856626387437041217e+02
9.805007602050429796e+02
9.169102416970991953e+02
7.633746562617926656e+02
2.745958799561112187e+02
9.645935376797526715e+02
9.714916499121005700e+02
4.538457060813667567e+02
6.970000000000000000e+02
9.250000000000000000e+02
7.010142848971250942e+02
7.494268658779160432e+02
2.999131349554242547e+02
7.024943104073850009e+02
8.617075461291580041e+02
7.128743563951450142e+02
9.365120774625357853e+02
6.335832845072638975e+02
2.018890823253444182e+02
1.010000000000000000e+02
2.915794954792506815e+02
9.040000000000000000e+02
6.733737130513169404e+02
9.823354962348672643e+02
6.510863878069778821e+02
9.593264528051964817e+02
5.048934390432496571e+02
6.953119737273262899e+02
3.233813974138552112e+02
1.164052522836254155e+02
3.532378024628773687e+02
4.813699223906268116e+02
5.716381942530993001e+02
6.620000000000000000e+02
4.184779331255218153e+02
7.488687233765868996e+02
8.460000000000000000e+02
2.869279802253635694e+02
3.700000000000000000e+02
8.093047793266960070e+02
5.237299862092022522e+02
4.550000000000000000e+02
1.463267116327955364e+02
6.712541787669417772e+02
2.009024172647168029e+02
7.511850186700537506e+02
7.320000000000000000e+02
2.876155481591099488e+02
2.515610074581829849e+02
2.000000000000000000e+02
6.915948503640099716e+02
2.961405659616060007e+02
7.545939480451650070e+02
3.330638324232715064e+01
8.100000000000000000e+02
1.034800063379766044e+02
2.320000000000000000e+02
7.404924801728499233e+02
8.658414852046025771e+02
7.434127358728604804e+02
5.622705527908105978e+02
2.385954725662045064e+02
3.230000000000000000e+02
7.998217524895704855e+02
2.886386545072202807e+02
6.654935685916235570e+02
9.274848111687795154e+02
3.885546486419902976e+02
9.577019700118268020e+02
9.768227220561262811e+02
3.136539808946341168e+02
5.531245975330634792e+02
1.396523767463830801e+01
2.523411283723057181e+02
6.215616956118490180e+02
7.819248928758853481e+02
8.711180923213350979e+02
8.309834819551444980e+02
9.124863770737385948e+02
7.810000000000000000e+02
6.486323855500005493e+02
7.561077052085498735e+02
5.476151367012413402e+02
6.043869772886415603e+02
7.771467451223321632e+02
9.652898231260306829e+02
6.850000000000000000e+02
1.784258984882631864e+02
6.836588517015351272e+02
4.620000000000000000e+02
1.747951318553051578e+02
2.300000000000000000e+02
3.781982270526456205e+02
4.295078144007342758e+02
5.575986205953329318e+02
1.310665301153722737e+02
3.220000000000000000e+02
2.560161481324220176e+02
3.315627887422690492e+02
7.106892963163140848e+02
1.558056977982862463e+02
1.547033835696297501e+02
3.236300298935199748e+02
5.185544119522678130e+01
9.333818655711908150e+02
6.166086760993299549e+02
6.628902109649390013e+02
4.915509411536766038e+02
5.736769905549300574e+02
3.590855881637393736e+02
7.850314485705014249e+02
3.188590053721894719e+02
2.209620154275574464e+02
1.848690975353589465e+02
6.917646910442587682e+01
4.400000000000000000e+01
4.169312437704217018e+02
5.750000000000000000e+02
3.000000000000000000e+02
2.221980811014527717e+02
2.143538101861959149e+02
7.240000000000000000e+02
3.617978246627326939e+02
2.194452857845147093e+02
5.600000000000000000e+01
5.314988956068245898e+02
9.976310826043387578e+02
8.246884009252022452e+02
9.821331976152964671e+02
9.803696295037411801e+00
6.699384679943866558e+02
4.466672462846924532e+02
9.054964584876921663e+02
6.147010970607943818e+02
6.221316976236339542e+02
8.600000000000000000e+01
6.835513607685279567e+02
3.219370105070814816e+02
9.169324302986753992e+02
9.459876704318376142e+02
6.490000000000000000e+02
5.412373129425615161e+02
2.838289942793974774e+02
9.123359266286180400e+02
8.231090642399661874e+02
3.759580421619791650e+02
8.038167375082938406e+02
4.465568975717180251e+02
4.485166091050174231e+01
8.992816089058533180e+02
1.935123879336770756e+02
5.148947001274335662e+02
9.492118196484180999e+02
1.683948092134949093e+02
2.270000000000000000e+02
3.100000000000000000e+02
8.330586216845125236e+00
6.647182210371992994e+01
6.713351261430566410e+02
7.745822663692766810e+02
8.659508557126312098e+02
4.252094519411405713e+02
1.049268091736701365e+02
5.387542140241612287e+02
9.090000000000000000e+02
9.772239213390278110e+02
7.762067404630612373e+02
9.700000000000000000e+02
9.407511115083134428e+02
7.478908256742621461e+02
1.547545772176455046e+02
7.800000000000000000e+02
3.327153754672877994e+02
8.852089793419858665e+01
5.526807089144103458e+01
7.952147869758903198e+02
5.590842053178107562e+02
5.759622942627916018e+02
2.286456349416566809e+02
2.596479589911756420e+02
3.890326036447707452e+02
6.312172646257878341e+02
4.340250346392708707e+02
3.050000000000000000e+02
6.742987323277127416e+02
1.190000000000000000e+02
5.230000000000000000e+02
6.193493589106021773e+02
7.569605966951774008e+02
4.900000000000000000e+02
7.018820313830020723e+02
7.358944479897711233e+01
9.290477501663337989e+02
1.071355418699725419e+02
7.878918976625699315e+02
3.023507098448711190e+02
8.750522143779271289e+01
7.662742410204624548e+02
6.140000000000000000e+02
3.961132582286176671e+02
6.617231649072405162e+02
4.749876773679514486e+02
3.890000000000000000e+02
1.373814603295467975e+02
3.840000000000000000e+02
7.984846128334658033e+02
1.300000000000000000e+02
9.611342650804344885e+02
1.450755374584831259e+02
6.782890455050625178e+02
9.151689163846178872e+02
7.960171222324592009e+02
7.303245766158447623e+02
3.741305149003239876e+02
9.504651035305126925e+02
5.545241877642789632e+02
5.560697456402618855e+02
1.242351589334990081e+02
6.029839074005115762e+00
5.976548874533302751e+02
5.381520485544609755e+02
9.479793892288718098e+02
3.056911523495083998e+02
7.492965867327934575e+02
9.045463759745458674e+02
3.448516498486469004e+02
4.136544960262479549e+02
6.469315035600874353e+02
5.260000000000000000e+02
1.619543575643950248e+02
2.217879693574079738e+02
8.357483668680621349e+02
1.953262153463254265e+02
1.823579847736500597e+02
8.006600536055314024e+02
8.532511277674757366e+02
8.523877224254741805e+02
9.333698654031485376e+02
9.953130504254334028e+02
4.622652036895938750e+02
5.506646096791668015e+02
5.400000000000000000e+01
6.836275740480135710e+01
9.920240138037195265e+01
7.265892573341402567e+02
1.700000000000000000e+01
3.318509316827233988e+02
2.040000000000000000e+02
6.564729806969527317e+02
1.010450572754229057e+02
6.205157771543329090e+02
9.011185908429217761e+02
3.187859372337254058e+02
4.516459782149350417e+02
6.173424302594530673e+02
3.066754894067207147e+02
5.851699328451971951e+02
5.665520079051098037e+02
3.654934356786292255e+02
3.173331594963291309e+02
4.293073929595910840e+02
5.831882664671383054e+00
4.380000000000000000e+02
2.225257042065197481e+02
7.408162159386167787e+02
3.110000000000000000e+02
8.411100587806552085e+02
1.353058323828888376e+02
7.339727957514147647e+02
1.700000000000000000e+02
8.920000000000000000e+02
3.597416021135967412e+02
3.064717964453352579e+02
5.526718261601971562e+02
9.400000000000000000e+02
6.076276660708613235e+02
3.480000000000000000e+02
8.597136553707991879e+02
1.410016687161999016e+02
1.000000000000000000e+00
2.642346505935832965e+02
8.873358320788955780e+02
8.270000000000000000e+02
7.639995679337663148e+01
1.963029487123535333e+01
5.081783112855738977e+02
3.219423100830908879e+01
5.828904904939292919e+02
3.000000000000000000e+02
5.910363118407179854e+02
9.073035773981832790e+02
5.525939985261583161e+02
5.444693239181185618e+02
3.680000000000000000e+02
4.731039507829258923e+02
7.761972388374282446e+02
3.668186301030095251e+02
2.243066476243550369e+02
4.110000000000000000e+02
6.900000000000000000e+02
2.919991602143738874e+02
4.657011421704527834e+02
5.114119933437855252e+02
3.977851576497074575e+02
5.031672696664308546e+02
6.636784893786966677e+02
8.489818401038666025e+02
8.075400569278983767e+02
6.150359765601281197e+02
1.668435520321582715e+02
5.151366805163821709e+02
4.472204438390017458e+02
1.801451839086207656e+02
9.497118316129783580e+02
6.604133069529767681e+02
9.687355598375130512e+02
7.369198088348244937e+02
8.740000000000000000e+02
3.597955388458059360e+02
2.198191172590283600e+02
4.886421483736478422e+02
2.710000000000000000e+02
3.704351854474743391e+02
4.380844083864687377e+01
7.740000000000000000e+02
9.430000000000000000e+02
3.622513645596288256e+02
6.430000000000000000e+02
8.580000000000000000e+02
5.990000000000000000e+02
9.815897820631023478e+02
1.200000000000000000e+01
7.047362528476222678e+02
4.100000000000000000e+02
8.306471556536503158e+02
8.358722662173934168e+02
2.643160693841534226e+02
5.453500620883714873e+02
1.748498164464500348e+02
6.546753131338842877e+02
3.662967779910476338e+02
6.543365465568498394e+02
8.364690676766444994e+02
5.176628975539387056e+02
7.270000000000000000e+02
9.082424264468196498e+02
5.173717821675702453e+02
5.920000000000000000e+02
8.687194218712472775e+02
4.878615626741755591e+02
4.831100897131259444e+02
6.052109802856869010e+02
5.028369844707417542e+02
1.399683070771299356e+02
1.160000000000000000e+02
7.808822574124684479e+01
6.444770023883097565e+02
2.750000000000000000e+02
1.879056758087675973e+02
3.632229442150910472e+02
7.183027084540954093e+02
1.193302228235426696e+02
2.313463325993245689e+02
8.121726293729599320e+02
7.212556588749490629e+02
4.825166493894861333e+02
4.798146427200821336e+02
2.117039510517634255e+02
1.622462598626257488e+02
8.343649963952541384e+02
1.010000000000000000e+02
4.414433133516537566e+01
5.744865113522682805e+02
1.621291403675380138e+02
6.305404248881550302e+02
4.019086523948356415e+01
5.732692992304645259e+02
5.691200416044416954e+01
2.592596460167084729e+02
1.810375395762970925e+02
9.592383364845536562e+02
6.003575227949297641e+02
5.646047023357651824e+02
1.962003563723691002e+01
6.650000000000000000e+02
6.627450626291581557e+02
2.844546264056404539e+02
8.674850273574452331e+01
4.502033616194567571e+02
9.937758237079788159e+02
8.683023989920943677e+02
1.715667839896962619e+02
8.313635747042808362e+02
6.018387144112000442e+02
7.956160702604512380e+02
8.214531801304973442e+02
1.828841518700996573e+02
6.606487500578530216e+02
2.655206985452896902e+02
1.030000000000000000e+02
3.436712745603318808e+02
4.544701451400917449e+02
5.915959909323073589e+02
2.308137871787797621e+02
3.864618827418475462e+02
8.700000000000000000e+02
2.033485490881751332e+02
8.605916920106054704e+02
5.053595260707126613e+02
4.207950126716061163e+02
1.505611936264560313e+02
9.729857672320440543e+01
4.768691854894773314e+02
6.157481694803668688e+02
4.003656361812824116e+01
7.848682348387684442e+02
5.043292081384594781e+02
