2.039104686906918762e-01
6.006008848750256091e-01
6.729402039331865426e-01
2.039104686906918762e-01
2.039104686906918762e-01
6.404535898364631663e-01
3.971352254646038915e-01
5.592204691870370503e-01
2.039104686906918762e-01
2.039104686906918762e-01
3.720028986659495995e-01
3.971352254646038915e-01
5.074673309973050106e-01
2.544220412467713133e-01
4.107444029832692522e-01
6.758387895841478921e-01
6.742007086913482938e-01
5.699986251013420269e-01
5.434107859113630479e-01
3.680790117066899403e-01
5.440290652032153673e-01
7.107992188892865437e-01
5.012383517323985016e-01
3.680790117066899403e-01
7.107992188892865437e-01
5.592204691870370503e-01
6.729402039331865426e-01
6.580833168351868379e-01
6.362204730217803084e-01
6.443974468118641719e-01
6.048489514834333169e-01
6.404535898364631663e-01
5.440290652032153673e-01
5.824044614061804070e-01
4.657106467160340713e-01
5.440290652032153673e-01
3.600706644567414072e-01
5.824044614061804070e-01
5.336474503303393346e-01
5.434107859113630479e-01
6.758387895841478921e-01
5.194209834642113943e-01
3.560885883120749051e-01
5.592204691870370503e-01
2.039104686906918762e-01
7.107992188892865437e-01
6.467938822828438461e-01
4.630564049303161345e-01
3.680790117066899403e-01
4.657106467160340713e-01
2.544220412467713133e-01
6.368262217982142426e-01
5.012383517323985016e-01
6.443974468118641719e-01
6.580833168351868379e-01
5.074673309973050106e-01
5.736918244366757680e-01
4.105358693874287535e-01
6.580833168351868379e-01
3.680790117066899403e-01
2.039104686906918762e-01
5.362731413521500956e-01
5.362731413521500956e-01
7.107992188892865437e-01
4.657106467160340713e-01
2.544220412467713133e-01
6.368262217982142426e-01
6.404535898364631663e-01
7.107992188892865437e-01
5.919714656694748944e-01
3.971352254646038915e-01
5.362731413521500956e-01
3.971352254646038915e-01
6.368262217982142426e-01
6.443974468118641719e-01
3.971352254646038915e-01
2.544220412467713133e-01
4.873304118720016564e-01
6.550956951020766583e-01
5.440290652032153673e-01
4.630564049303161345e-01
2.039104686906918762e-01
4.105358693874287535e-01
6.443974468118641719e-01
6.729402039331865426e-01
7.107992188892865437e-01
7.107992188892865437e-01
5.012383517323985016e-01
6.368262217982142426e-01
5.703421905442009887e-01
2.039104686906918762e-01
4.873304118720016564e-01
5.699986251013420269e-01
2.124094946815908991e-01
5.194209834642113943e-01
6.404535898364631663e-01
6.758387895841478921e-01
5.434107859113630479e-01
2.544220412467713133e-01
7.107992188892865437e-01
3.560885883120749051e-01
6.404535898364631663e-01
2.544220412467713133e-01
2.039104686906918762e-01
2.544220412467713133e-01
6.362204730217803084e-01
6.085491236830805617e-01
4.873304118720016564e-01
6.362204730217803084e-01
2.039104686906918762e-01
2.039104686906918762e-01
4.105358693874287535e-01
5.439916576454938424e-01
4.873304118720016564e-01
6.580833168351868379e-01
6.742007086913482938e-01
6.368262217982142426e-01
2.544220412467713133e-01
7.107992188892865437e-01
2.124094946815908991e-01
5.440290652032153673e-01
2.124094946815908991e-01
4.105358693874287535e-01
5.687494155170083054e-01
6.362204730217803084e-01
5.736918244366757680e-01
6.576703393316253310e-01
7.107992188892865437e-01
5.824044614061804070e-01
3.971352254646038915e-01
2.124094946815908991e-01
2.039104686906918762e-01
3.971352254646038915e-01
3.720028986659495995e-01
2.124094946815908991e-01
2.039104686906918762e-01
5.434107859113630479e-01
2.205910501431056769e-01
5.398224289004855958e-01
7.107992188892865437e-01
6.580833168351868379e-01
3.600706644567414072e-01
3.971352254646038915e-01
3.971352254646038915e-01
5.074673309973050106e-01
4.630564049303161345e-01
2.124094946815908991e-01
3.720028986659495995e-01
6.374001233560255830e-01
5.434107859113630479e-01
7.107992188892865437e-01
3.971352254646038915e-01
3.720028986659495995e-01
5.434107859113630479e-01
3.971352254646038915e-01
3.720028986659495995e-01
3.720028986659495995e-01
4.105358693874287535e-01
4.873304118720016564e-01
5.592204691870370503e-01
7.107992188892865437e-01
4.630564049303161345e-01
3.680790117066899403e-01
2.039104686906918762e-01
5.462277795547197945e-01
6.742007086913482938e-01
4.873304118720016564e-01
3.560885883120749051e-01
6.443974468118641719e-01
6.580833168351868379e-01
6.467938822828438461e-01
3.560885883120749051e-01
4.630564049303161345e-01
5.074673309973050106e-01
3.720028986659495995e-01
2.544220412467713133e-01
3.971352254646038915e-01
5.434107859113630479e-01
3.720028986659495995e-01
2.039104686906918762e-01
2.544220412467713133e-01
5.434107859113630479e-01
2.290900761340046998e-01
3.971352254646038915e-01
4.873304118720016564e-01
5.439411181092250747e-01
5.592204691870370503e-01
2.290900761340046998e-01
5.736918244366757680e-01
5.478205545819124778e-01
4.630564049303161345e-01
5.630101347006197798e-01
3.560885883120749051e-01
3.971352254646038915e-01
6.758387895841478921e-01
5.440290652032153673e-01
2.039104686906918762e-01
5.699986251013420269e-01
4.105358693874287535e-01
5.440290652032153673e-01
6.368262217982142426e-01
6.362204730217803084e-01
5.074673309973050106e-01
5.012383517323985016e-01
3.560885883120749051e-01
2.544220412467713133e-01
5.194209834642113943e-01
4.630564049303161345e-01
4.657106467160340713e-01
6.758387895841478921e-01
2.039104686906918762e-01
2.205910501431056769e-01
6.362204730217803084e-01
6.443974468118641719e-01
5.462277795547197945e-01
6.580833168351868379e-01
5.784583866023773613e-01
