1.003546246061303151e+02
6.866802654812853461e+02
5.454658614821448737e+02
9.788425294520467332e+02
3.596738412123179387e+02
3.991396427443730772e+02
1.908085621610795499e+02
1.231597190872637526e+02
8.490331884636810855e+02
4.557173685705171238e+02
6.637687380619779560e+02
6.427044672332176560e+02
5.981459595195450447e+02
7.100000000000000000e+01
7.877945904546166958e+02
2.445688971640236389e+02
1.269238853080428839e+02
5.655779759079633777e+02
4.960000000000000000e+02
7.661573758885845109e+02
2.081573703466584959e+02
2.169513519186747601e+02
8.706954267695447243e+02
3.295595534322304161e+02
1.485541799414437207e+02
9.015310356317581864e+02
3.835551480016351711e+00
3.340000000000000000e+02
1.456879803205079895e+02
1.309921314434367901e+02
2.516541967281238215e+02
1.754971209013934583e+02
6.620576425973167716e+02
2.678014978619835773e+01
1.586032723070884742e+01
7.909846642347538364e+02
2.389316060904630490e+02
3.247714619620224425e+02
7.750000000000000000e+02
5.339901786117651028e+01
7.427180569541494606e+02
5.270855265978671014e+02
7.466652750339957265e+02
4.772459654232502544e+02
3.150000000000000000e+02
5.142379576091916533e+02
1.100540100038455193e+02
5.048386897858213729e+02
9.464156429701063189e+02
4.436503689917170590e+01
7.842269959803795700e+02
8.679809077598382601e+02
5.224512147130841413e+02
8.110000000000000000e+02
9.650261831220286695e+02
6.182540749450582496e+01
4.260000000000000000e+02
4.026172545125604643e+02
6.870974960622327217e+02
4.912688541442252586e+02
9.107008291152293395e+02
7.449071576645049220e+01
8.179047741079192235e+01
6.092974236334399620e+02
6.668223332011390880e+01
2.760159995579531937e+02
6.340767243010154743e+02
5.493564340483605974e+02
3.261854433186679216e+02
9.956277558609235712e+02
5.315568374313245386e+02
4.547154175754716334e+02
6.064267915353128728e+02
1.001784616790419875e+02
7.027794185460661538e+02
6.090000000000000000e+02
6.519166648813054508e+02
7.699627301047386254e+02
7.218399166575991330e+02
9.350000000000000000e+02
4.525549159652815092e+02
2.294935743645843900e+02
3.399316188351751862e+02
4.544989029074473024e+02
4.169896502614952851e+02
9.608583927563086036e+01
9.820000000000000000e+02
6.661078630603088868e+02
3.753010234355368198e+02
1.536389247687237685e+02
9.239850357343843825e+02
6.813330813664775576e+01
8.327718884748544497e+02
9.423010170367740557e+01
9.756443256578562284e+01
7.397959984887156679e+02
9.030000000000000000e+02
5.573707356153500996e+02
5.874650827394769976e+02
5.625864139920723801e+02
3.306459814162050748e+02
7.020000000000000000e+02
3.545980796337676679e+02
6.663405200029154685e+02
7.512842502514782836e+02
8.690921488690648857e+02
7.220606787461493923e+02
9.693986253114744613e+02
6.014100912246769894e+02
3.526461856931489933e+02
5.789185183898548530e+02
2.137388056720060945e+02
6.577363029881521470e+02
2.252448691075655915e+02
1.092183819272666199e+02
8.463734186013450653e+02
3.685610506153501547e+02
7.636056319368497043e+02
5.751000043314627419e+02
3.750000000000000000e+02
8.461551613283580764e+02
9.755466021257082048e+02
8.194268595406696249e+02
6.145732805354647326e+02
6.436991638298313774e+02
2.725383145358339831e+01
9.300842909949363957e+02
8.304607899596629750e+02
2.684477251541106284e+02
1.814160719608543957e+02
7.036987728656047238e+02
3.099846888299101693e+02
3.408246567772583830e+02
7.105789403658690162e+00
8.708627065364381679e+02
5.673210947613762301e+02
4.017843439995155563e+02
1.428746541512686576e+02
5.900000000000000000e+02
3.165709838090591077e+01
7.471117620057067370e+02
2.161328800335109293e+02
4.208324937645031696e+02
3.418959817693327636e+02
3.710530924770039292e+02
7.225959677426732242e+02
7.778356199667409783e+02
5.685935566143972437e+02
8.595703997717929212e+01
3.070000000000000000e+02
1.584098971071531423e+02
6.188381819260305292e+02
6.749687106131129894e+02
2.731028435462189350e+02
6.629386928082611803e+02
1.000000000000000000e+02
2.250000000000000000e+02
2.741668443647694744e+02
7.559431436683706806e+02
1.148175081102017430e+02
4.309136333978903508e+02
2.842464700804493418e+02
6.794862547601330789e+02
4.876327533642508456e+02
6.681325587363495515e+02
4.641736260442752382e+01
3.962633960876289621e+02
6.003249569444503777e+02
8.687085899882873719e+00
3.024193620184368001e+02
2.122339792203122784e+02
1.382348052573269968e+02
2.565195040214592836e+02
3.291223559378411210e+02
8.729906569311939535e+00
7.480141234297677784e+02
1.766948018758423018e+02
3.812074457152362470e+02
7.046712633826635965e+02
5.012623465562131742e+02
8.343542024198782201e+02
8.072001865667638185e+02
7.307549659215783322e+01
8.627643620225885570e+02
4.330226156279137939e+01
1.974153658564570080e+01
9.221624345024124523e+02
8.631100136120663819e+02
5.767591607368310633e+02
5.743996808858430541e+02
7.104989615689341917e+02
4.186939598434805703e+02
1.161733726637982329e+02
2.185655902474881174e+01
3.257681794455138515e+02
8.023221543104522198e+02
6.191252633042402067e+02
8.330259130717071230e+02
9.207697517413846526e+02
8.912988129788467973e+01
8.454843598146969725e+02
2.443164748227336531e+02
5.898712883029119212e+02
5.249625430006316265e+02
8.620000000000000000e+02
3.112745618358613342e+02
3.405132811484639319e+02
3.340686224931319543e+02
1.691327080456865986e+02
5.114832845421482830e+02
1.150266398385525406e+02
5.109520623229719831e+02
9.069227315800504812e+02
3.503752654723803062e+02
2.250000000000000000e+02
8.199486015248519379e+02
8.070000000000000000e+02
5.640000000000000000e+02
1.474442182776943753e+02
1.982718028239832790e+02
6.033989852731658630e+02
7.612152955468920936e+02
6.565090105187391600e+02
3.750000000000000000e+02
7.738480892475602104e+02
4.951170250173886416e+02
7.554458252469858053e+02
7.608771496077484926e+02
4.499052569950629845e+02
9.251542583856593183e+02
5.654917834027992285e+02
2.020000000000000000e+02
6.255217794418947506e+02
8.652468748314161076e+02
6.282174068997718450e+02
1.519574013930769070e+02
6.928625849575608697e+01
4.432080638362848504e+02
3.038204351390128863e+02
6.430000000000000000e+02
5.717212021307804548e+01
5.083368852897781380e+02
3.114078506063109444e+02
4.529138637006822137e+02
5.789005083395237961e+01
8.326966316631214795e+02
7.773100117345499882e+01
8.652500339252391086e+02
8.562933714560903127e+02
6.160083884155735632e+02
5.080678173339551336e+02
4.637116589272723104e+02
5.553163713383039521e+02
7.928177972653585357e+02
8.968767655568026385e+02
4.507337036509062500e+02
8.108159176979711447e+02
6.528374546486098779e+02
3.225267628804283504e+02
4.766290279430695023e+02
1.518610766956385305e+02
6.287370010110071661e+01
1.045018772703916170e+02
9.001268339557735771e+02
3.444377758382676120e+02
7.153155491674626774e+02
5.055490015009573881e+02
1.735589114363649230e+02
2.487437235982842196e+02
4.387582743092330020e+02
4.404217917626243093e+02
5.237480352655455818e+02
1.597462079815413745e+02
3.738519821013271098e+02
2.838935786144178905e+02
4.097693972473202848e+02
3.393671468414195260e+02
2.630000000000000000e+02
7.902269315636647207e+02
6.483053569693068994e+02
6.691185427971745980e+01
9.550594751509433422e+01
6.793793448400809893e+02
2.851469738781137266e+02
7.247336550024617736e+02
6.575640864104778984e+02
1.440000000000000000e+02
8.742796620605388398e+02
3.343620360605565907e+02
5.837395145864195456e+02
1.424283805843178357e+02
3.508207875358442038e+02
9.686965076927446034e+02
6.994799628118809096e+02
3.929579843353603223e+02
5.960412281515748418e+02
9.390021995657608613e+02
3.105818874159609209e+02
3.776793060563001632e+02
7.926619578635435346e+02
8.141847838148009942e+02
6.711163999947225420e+02
9.600000000000000000e+01
7.397746721294827239e+02
6.864144402775762046e+02
5.273933397341739919e+02
6.470248207334878998e+02
4.244063663221037359e+02
3.628280963467846050e+02
3.635976689820443539e+02
1.812629228768446410e+02
2.151926612089003470e+02
9.486682675343467963e+02
4.872709208727272880e+02
2.275430465338872352e+02
1.385653531770792881e+02
7.816508430087631609e+01
8.454283886858833057e+02
1.021407636678941486e+02
7.718747203631010052e+02
8.361198266345559205e+02
8.846821654925615803e+02
3.874749235756124932e+01
3.377643719642815654e+02
7.673076044472416015e+02
7.290000000000000000e+02
3.777198708225246833e+02
1.632472120884505102e+02
8.323450566891254994e+02
7.720978137309883778e+02
8.100437196393011163e+02
1.665391657440586926e+02
4.386734051383467659e+02
4.118586114965334559e+02
6.773629221885329343e+02
2.385302014469250480e+02
4.451987098052756551e+02
2.859279325633582403e+02
7.495365180954363495e+02
4.499279630333403475e+02
5.350111496982610788e+02
3.104678965627896332e+02
8.096238710907863378e+02
4.700156050322527221e+02
8.361133927257073992e+02
3.688409582250328071e+02
9.481301702441229509e+02
9.854397935315772656e+02
4.626799784409892027e+02
2.827717327037753989e+02
3.828724341907104645e+02
5.284597884614826171e+02
9.672681532059473284e+02
8.178912395812401428e+02
8.022592241515476417e+02
1.393985346034312158e+02
2.510032115890070656e+02
6.421790362044471294e+02
8.751169450522370425e+02
5.555407454244311793e+02
1.035897317484093492e+02
8.468922767334385071e+02
6.400000000000000000e+02
2.860630140593284523e+02
7.641168302916909170e+02
2.737912995913566192e+02
9.063062089782412158e+02
1.483486559916042893e+02
4.384725601949808151e+02
9.474132630117607050e+02
2.230380069069805984e+02
4.521279902207089094e+02
3.505850781386488961e+02
2.767019080293853150e+01
5.425688717107446024e+01
5.030071146932354509e+02
2.367780738634326383e+02
9.955253512382912504e+02
3.759126734177675644e+02
2.918754552815006065e+01
9.318259047499531107e+02
8.401762876116056304e+02
6.509606842941816467e+02
8.520000000000000000e+02
1.385995877258716575e+02
2.878793973132681572e+02
2.550000000000000000e+02
6.970719885759835961e+02
1.397926918181861993e+02
7.065361752890804610e+02
4.496014739822466026e+02
6.251198305617932327e+00
4.230000000000000000e+02
2.569239284370447081e+02
8.359630992823809947e+02
5.498042454438353843e+02
7.282347853249317495e+02
5.287715058867242988e+02
1.121868603242384097e+02
4.920000000000000000e+02
3.021511945862199582e+02
4.874944661885128028e+01
4.208255437534430712e+02
7.948991086394381682e+02
1.540000000000000000e+02
1.118578952900149943e+02
9.061468856619985672e+02
5.977390428189469276e+02
1.743535220589442503e+01
5.670000000000000000e+02
2.429381344209933218e+02
1.445768402462600477e+02
4.302388931033337371e+02
6.158095827759506165e+02
2.415642388065435284e+02
4.175675952085397853e+02
6.653713017420091091e+02
8.661395498726176356e+01
9.756544909522216358e+02
6.867932290884604640e+01
5.970000000000000000e+02
5.083276965797866183e+02
9.893314855964674734e+02
5.551519524181954921e+02
3.914537325600641111e+02
4.711350781584860101e+02
6.366707914686300001e+02
9.820394225515602784e+02
2.546502610692127462e+02
1.724223110894762456e+01
7.895200162795152892e+02
4.800000000000000000e+02
7.339410214506416423e+02
6.292569624756564508e+02
7.725013741098590572e+02
7.361869848123112661e+02
3.335186083719848966e+02
4.533568829520817189e+01
5.470137452076914997e+02
8.145088655560881534e+02
1.180000000000000000e+02
7.801425934782814693e+02
5.900000000000000000e+02
6.963892519960639902e+02
6.327358477583378544e+02
8.124976818476063727e+02
6.410053703222462218e+01
7.771903997034216900e+02
4.586795774473532106e+02
2.944425711750312757e+02
4.480627565912309507e+01
2.004698337151883436e+02
4.290594193038199933e+01
9.343709799503973272e+02
5.163835892544988155e+02
9.901227022961234070e+02
5.440306976541859285e+02
2.543137652026173896e+02
7.542909188188649523e+02
1.921034307339108977e+02
3.579741760353634277e+02
7.818415669784250213e+02
8.667982770780575947e+02
3.329246863813445430e+02
1.254750082443834032e+02
3.690191743146730232e+02
8.904865170122814106e+02
7.443077055196212086e+02
8.956374949550532847e+02
3.876447682606921603e+02
9.747235843153090400e+02
4.972032265370226582e+02
4.985233924936273411e+02
9.253104666269636027e+02
5.202758535349420299e+02
8.021480874017737506e+02
7.280813243426357531e+02
7.992700605546787074e+01
6.034532988302272543e+02
8.233412795398867274e+02
4.710000000000000000e+02
3.222114282145940365e+02
8.106891107499525617e+01
6.619192214581366898e+02
3.074958560907524543e+02
6.036216277305998119e+02
4.271160728830454332e+02
6.907648084454862101e+02
3.525469837719921316e+02
4.335516285012952409e+01
8.710371750563921296e+02
3.535593103084822815e+02
9.991505977730490713e+02
4.580000000000000000e+02
9.810272791942791173e+02
9.489043786030863430e+02
7.604116498815926661e+01
6.385125378832983642e+02
3.643111306509823066e+02
8.020959755621698832e+02
6.804106078146899108e+02
9.537893962796077858e+02
1.437794683625497214e+02
7.890000000000000000e+02
7.823119697434665341e+02
3.579896579854202798e+01
6.823336306210880764e+01
7.795153735068654441e+02
3.673284731071485680e+02
2.900000000000000000e+02
5.682446417241194467e+02
6.060948288547855327e+02
6.610000000000000000e+02
2.000000000000000000e+01
3.730133784706837332e+02
7.640844717985795569e+02
5.749217783338956451e+02
5.304598815362896858e+02
3.990340459524499579e+02
6.505607367060315482e+02
3.600000000000000000e+01
1.144486125850180400e+02
7.366748594794277096e+02
5.000439602564667894e+02
3.879873800392634848e+02
5.626727107596470887e+02
2.627766765874958423e+02
2.612897711399033938e+02
7.380000000000000000e+02
9.973651121547607090e+02
2.865768776981580004e+02
9.174789095418814213e+02
4.922001952542240701e+02
1.236374219039708606e+02
8.538262903843226468e+02
4.530426852453973652e+02
8.996790307862303280e+02
4.461111927424550458e+02
8.879074110473106884e+01
1.060000000000000000e+02
8.465212189746994227e+02
3.205877720999701523e+02
3.484252947385645598e+02
6.593907831607114645e+01
5.431713612255623502e+02
8.923316823538889366e+02
8.523620507531259136e+02
7.128091040072126816e+02
9.283244567231777182e+02
6.387000225640163080e+02
7.946963838450027424e+02
5.097557451743007846e+02
1.223624550784568896e+02
2.019803711776857540e+02
1.398768720383657467e+02
7.913730608077491979e+02
5.790000000000000000e+02
8.530000000000000000e+02
3.699111655012206938e+02
4.600000000000000000e+01
5.526469339264275504e+02
6.129483626205209248e+02
1.550000000000000000e+02
3.102907175284621530e+02
1.000595043934386922e+03
7.198696598907195039e+02
3.100000000000000000e+02
7.701645503746980239e+02
5.670000000000000000e+02
7.475071291123902029e+01
9.733797315137659325e+02
6.433385893863813862e+02
4.509744956629961052e+02
6.811089906495809601e+02
3.455147807026996816e+02
8.789601516504117171e+02
7.812629288383084258e+02
6.407939293666630647e+02
1.829631365521373709e+02
9.672646139341068192e+02
8.220000000000000000e+02
9.117122709468873154e+02
5.641285001777707464e+01
1.251611206390121964e+02
1.540154668102006212e+02
1.656570798901241233e+02
3.236607511545556122e+02
7.103321325292458823e+02
3.470230823418730779e+02
9.419040549315346880e+02
8.959259168211244742e+02
8.469337061558655932e+02
2.516053089819990589e+02
6.360570913877459134e+02
5.518414154831397127e+02
7.090000000000000000e+02
3.038246061088760825e+02
5.344780297683805657e+02
5.035731447412626949e+02
1.696359017477068107e+02
9.426069878685958656e+02
1.551942668795631732e+02
6.597328733837542813e+02
7.216327684372729436e+02
6.061389078618553867e+02
8.435300041133889408e+02
1.670000000000000000e+02
9.870000000000000000e+02
8.950000000000000000e+02
3.190000000000000000e+02
6.424537338243601425e+02
5.777712314773790467e+02
6.521299774855998521e+02
7.679590009163110835e+02
4.175867836632461945e+02
6.399911922088704159e+02
4.990380601361160871e+02
3.910000000000000000e+02
2.780000000000000000e+02
2.180000000000000000e+02
4.839448181754194707e+02
8.056881542157329932e+02
6.859908411956766940e+02
2.984338714297423394e+02
7.397302550534578813e+01
6.091303293466898339e+01
4.406054999204109777e+02
4.852511301073591881e+02
2.050230135633987061e+02
6.076602628206363761e+02
3.135824992469330255e+02
7.193628851124375387e+02
7.351997548045468420e+02
8.617773657543252739e+02
9.763741279148802050e+02
1.317661515523864750e+02
7.930000000000000000e+02
5.626512157483691681e+02
3.201158864031572193e+02
4.674725670406364202e+02
2.684716744541823914e+02
2.489188825255456265e+02
9.781165256057144575e+01
2.912120049699014999e+02
3.851498335016060537e+02
6.163774441639686756e+02
2.492702803811865806e+02
2.880000000000000000e+02
1.606996621301609594e+02
3.284358208011949500e+02
3.700000000000000000e+02
3.137149208622730612e+02
8.020000000000000000e+02
4.992655420599087961e+02
3.470000000000000000e+02
4.997597083976541512e+02
3.095404820544292761e+02
7.240000000000000000e+02
9.462328040692373179e+02
5.064444630237715614e+02
9.676866305524754353e+02
2.161444225262411010e+02
3.538950888563553576e+02
5.154040462789188837e+01
4.958942035251763514e+02
9.110000000000000000e+02
6.552600368896171403e+02
4.715868533681957047e+02
5.376907492889270088e+02
8.481723653934678850e+02
4.319277693475405044e+02
8.834557309185928489e+02
7.285080633593919401e+02
7.648567641619895312e+02
3.669373525175629993e+02
4.015816210147565926e+02
5.712816438810292539e+02
1.956553018877190766e+02
5.542229266211517142e+02
7.453174974284182497e+01
5.052555291232047239e+02
7.654041147072396143e+02
2.807206776239819987e+02
9.900907006207226004e+02
6.813986401188607260e+02
1.198110197235895384e+02
9.760828154137840329e+02
3.949037127286071609e+02
7.958972283809457622e+02
3.400852999525653217e+02
9.399485669553754406e+02
7.559651722927939090e+02
2.000578815524499703e+02
4.410000000000000000e+02
5.010779035706438549e+02
4.630335246707473118e+01
1.380363735675203998e+02
3.340407053527671906e+02
4.747441503951900472e+02
4.579885592828739505e+02
6.072605224038040888e+02
5.165057321472539797e+02
5.660000000000000000e+02
6.140681210646780528e+02
1.635020458769394054e+02
9.916157375611401221e+02
7.403193605736041718e+02
3.002343425283182796e+02
5.550000000000000000e+02
8.292893859573758846e+02
5.333398298758763758e+02
7.097398064354379130e+02
3.007905647374137175e+02
8.167488332438241514e+02
3.693578098657695818e+02
8.820000000000000000e+02
9.808980311791618760e+02
5.847021418487863684e+02
5.700000000000000000e+02
6.850000000000000000e+02
6.890436512027716844e+02
3.510000000000000000e+02
4.755902140850605520e+02
9.680706961720509298e+02
5.100000000000000000e+01
7.771620251720721626e+02
5.786343958641828067e+02
7.224001122963067019e+02
5.845232770476399082e+02
5.970000000000000000e+02
6.300252411453636796e+02
3.200000000000000000e+02
8.421671249582642531e+02
1.487757083003318144e+02
6.817268950506788769e+02
3.257051334209937465e+01
9.492051707843013446e+02
4.630000000000000000e+02
1.993736750661256707e+01
3.146924834458552027e+02
8.250000000000000000e+02
5.910000000000000000e+02
4.113774093227050344e+02
7.759723018070909575e+02
9.215209498972106985e+02
8.738177089123203132e+02
7.368372712686813202e+02
6.520000000000000000e+02
1.390824857852101957e+02
2.083417049712447238e+02
3.260495344260547768e+02
6.632267997143491129e+02
5.264771514000353818e+02
3.147525987378171521e+02
1.741824238573277341e+02
9.131241609240104253e+02
3.433270176818461437e+02
6.770000000000000000e+02
7.729897841487407959e+02
8.030000000000000000e+02
6.443090999994615231e+02
6.943133100298208547e+02
6.110765800787515900e+02
1.932641691367134058e+02
2.475191355273603904e+02
5.590866508074041121e+02
2.258670379928167051e+02
9.739106275905689927e+02
2.986145652769079106e+02
2.900041374035249078e+02
2.082777948546402627e+02
7.059882597401967814e+02
3.180407450184480354e+02
3.498031742013066037e+02
9.347003747708006358e+02
7.964053560023335194e+02
2.744575367554230638e+02
1.910000000000000000e+02
6.776222457825457468e+02
3.806941853743824709e+02
9.811605373213621988e+02
8.193774601305623264e+02
2.450000000000000000e+02
5.730000000000000000e+02
2.914526519929355572e+02
2.590000000000000000e+02
7.151412874983952861e+02
3.473635140956164946e+02
4.433761118648353659e+02
2.574439754734820553e+02
4.800792630164831962e+02
2.030680072005964689e+02
5.395779237086527473e+02
9.340239337833077116e+02
6.971713006468226013e+02
1.382729548009229461e+02
6.166770344144922547e+02
5.878304985708151662e+02
2.434580384102868038e+02
6.708339648931039392e+02
5.320414897327991639e+02
6.389445734086376660e+02
5.349110683946278755e+01
4.143013660482586147e+02
7.183580562502436351e+02
1.015449047773478952e+02
7.717660580982791316e+02
6.181446407130030352e+00
5.513525657796166115e+02
8.500000000000000000e+02
4.079074515468834647e+02
9.360320985961515134e+02
8.793996215142282153e+02
4.784485204408964591e+02
2.004559746676016800e+02
9.649140388909357853e+02
3.221677021191666768e+02
6.468979178902698095e+02
9.089369587356223974e+02
9.046072051151632820e+01
5.751333531753732586e+02
5.361522768936047214e+02
7.241176782424233807e+02
9.376693797506260353e+02
4.000000000000000000e+01
1.760647754809631067e+02
8.832449731648331408e+02
1.767887075388625533e+02
9.206348118509339429e+02
9.981718030885099324e+02
8.320000000000000000e+02
4.963838973217577859e+02
1.170000000000000000e+02
9.631313800833423784e+02
9.270396978964430446e+02
8.777431679179234152e+02
1.026716848009978555e+01
5.689618686644953414e+02
1.083006907735379940e+02
9.839938883710063919e+02
2.855616523500462449e+02
9.900994700887233648e+02
5.443004835569748820e+02
4.949124203418191428e+02
9.395605017408723825e+02
9.790000000000000000e+02
4.690207690062900951e+02
8.510000000000000000e+02
1.136467610201544716e+02
1.634942625397386564e+02
3.250000000000000000e+02
2.582648802295191217e+02
1.871990691280677197e+02
5.000000000000000000e+02
7.917676644252557026e+02
1.930000000000000000e+02
7.582827502575612471e+02
1.764949138384647256e+02
8.571465042734577082e+02
8.980427617839751520e+02
8.260000000000000000e+02
5.162806589597959146e+02
8.773776984835591009e+01
6.702558534099541703e+02
1.857812010473399766e+02
1.416118756342984568e+02
3.246016700850827874e+02
2.490470836671450172e+02
2.617852770654438359e+02
2.365212528015339046e+02
7.547566517814569806e+02
3.450000000000000000e+02
3.029458396916147080e+02
5.760000000000000000e+02
1.243573419416799020e+01
6.546833670701986421e+02
6.937685904227388392e+02
6.312433180053611181e+01
1.192248478039725796e+02
3.078063420036197613e+02
4.064166129683972599e+02
5.035204712383896322e+02
8.961183698162541305e+02
7.045570351022560089e+02
3.119779483846602943e+02
1.184157458447763247e+02
9.171303858506353208e+02
2.960376001562468105e+02
6.156254481438489847e+02
2.201286009353439113e+02
1.345687821968041362e+02
1.541855646891792162e+02
7.487348371508564924e+02
6.067389480890693676e+02
4.168456154312246440e+02
5.502345088183648159e+02
4.718280768793114817e+02
5.385176876932008554e+02
6.650944393396638361e+02
2.194116226573259496e+02
2.484654293085777397e+02
7.557395497248653555e+02
8.741350584877333176e+02
8.287030647327486577e+01
4.477479774964833155e+02
7.047661251558726008e+02
7.910272214744018981e+01
5.651687222734748275e+02
6.275804755668379187e+01
5.486492487109314879e+02
5.064870560925958216e+02
5.737016742278647143e+02
4.440000000000000000e+02
3.291176377422064547e+02
5.213415411847870473e+02
1.172400221846642268e+02
2.064014855393615449e+02
5.841476784410175469e+02
9.194164445168783573e+01
5.113753540328345366e+02
8.096920831772371230e+02
4.544323001797819757e+02
5.142478432016415582e+02
4.577984757118760513e+02
5.873678093252476629e+01
4.633783057389237001e+02
8.079153525543924843e+02
7.242800798250023036e+02
3.969487099532574916e+02
8.174532259331305113e+02
8.960000000000000000e+02
5.793112650590353496e+02
4.628980272782878558e+01
3.455288665621345672e+02
6.475991211208321374e+01
9.951236604769201222e+02
9.355827988849464418e+02
4.370000000000000000e+02
9.347755625849306398e+02
3.273487102307903740e+01
7.100000000000000000e+01
7.699720625834827388e+02
7.668276829237116772e+02
9.793332849241010081e+02
6.468808180971634556e+02
4.213619388823278769e+02
9.938565985808788810e+02
3.834796188513720381e+02
8.706202853107084820e+02
9.077673115245726194e+02
3.766455338019875967e+02
6.837303541015413657e+02
6.627925381254681270e+02
5.403002639188601961e+02
1.470000000000000000e+02
3.487698871391502280e+02
1.794736290041116717e+02
5.382584863980011960e+02
5.298425395440092416e+02
7.288581409061281420e+02
2.236902159662664928e+02
4.473294944907778792e+00
8.290000000000000000e+02
2.993629887029818519e+02
6.744998577765670689e+02
9.840000000000000000e+02
5.329336084967587794e+02
3.800000000000000000e+02
2.485120385037755568e+02
3.471597349876267344e+02
2.766497277951273190e+02
9.384103611350668643e+02
9.200000000000000000e+02
1.138446387664773169e+02
8.104781835391944469e+02
4.202405984917521096e+02
7.670534675139033425e+02
8.847566218453745250e+02
1.664579636354956804e+01
2.070816218502141624e+02
1.018967130925070279e+02
3.457627575428079325e+01
5.987848967315526352e+02
6.400000000000000000e+01
4.967632124374910063e+01
7.415410784798616532e+02
4.032653508109062841e+02
2.353392784875616428e+02
2.182692101775534184e+02
8.647302426700563274e+02
5.744403502446093768e+01
5.048958489409345134e+02
2.902634513539188674e+02
8.167862567633168283e+02
7.325174831160182976e+02
1.710000000000000000e+02
8.910000000000000000e+02
1.050000000000000000e+02
1.090000000000000000e+02
3.027644351442032757e+02
