5.443758690950589729e-01
5.254635131306000240e-01
5.062188016926855161e-01
5.296232008460556306e-01
5.611161155175969917e-01
4.480395264904790120e-01
4.480395264904790120e-01
5.072309539914714449e-01
4.480395264904790120e-01
5.199356320056029990e-01
4.631598987604500506e-01
5.418884512454493763e-01
4.480395264904790120e-01
5.789850545504894308e-01
4.480395264904790120e-01
4.480395264904790120e-01
4.480395264904790120e-01
5.487289888818704942e-01
4.480395264904790120e-01
4.480395264904790120e-01
5.968374032992488365e-01
4.480395264904790120e-01
4.775277481582504979e-01
5.545383369520452410e-01
4.480395264904790120e-01
4.480395264904790120e-01
5.270869279579826205e-01
4.480395264904790120e-01
4.480395264904790120e-01
4.480395264904790120e-01
5.201024102971197882e-01
5.339422988905292433e-01
5.072781750728502237e-01
5.814013903666288563e-01
4.480395264904790120e-01
5.612132372412701464e-01
4.480395264904790120e-01
4.480395264904790120e-01
5.172050072539472465e-01
4.480395264904790120e-01
4.480395264904790120e-01
4.649245345323960721e-01
5.237143627640625798e-01
4.844818452485010196e-01
4.480395264904790120e-01
5.000532651357708636e-01
4.726149474572622355e-01
4.480395264904790120e-01
4.480395264904790120e-01
6.134961713922356674e-01
5.633042620190068517e-01
4.480395264904790120e-01
5.346472649846060188e-01
4.480395264904790120e-01
4.480395264904790120e-01
5.126112939790833378e-01
4.480395264904790120e-01
5.267596549575617182e-01
4.480395264904790120e-01
4.480395264904790120e-01
4.480395264904790120e-01
4.480395264904790120e-01
4.995874638144252589e-01
4.480395264904790120e-01
4.480395264904790120e-01
4.480395264904790120e-01
5.745418849374822612e-01
5.454848574979298537e-01
4.480637960815153642e-01
4.659258845641038316e-01
4.480395264904790120e-01
5.903053828450930407e-01
4.480395264904790120e-01
4.800392713665132538e-01
5.111998546997968962e-01
5.200792548716937080e-01
4.480395264904790120e-01
5.877986053405969136e-01
4.480395264904790120e-01
4.480395264904790120e-01
4.769849989964979331e-01
5.933928175444521669e-01
5.897081880827166334e-01
5.528585535732264411e-01
5.571446688549082094e-01
4.480395264904790120e-01
4.480395264904790120e-01
4.911461598930945138e-01
4.480395264904790120e-01
4.480395264904790120e-01
4.480395264904790120e-01
4.480395264904790120e-01
5.929327295133504094e-01
4.480395264904790120e-01
5.353762409179986248e-01
5.173687881869429850e-01
4.884926827509459279e-01
5.365503970856636551e-01
5.506030495930073210e-01
5.628187293408004610e-01
5.859344404780805204e-01
4.696720907034575565e-01
4.924429842199377627e-01
5.022521393579627569e-01
5.513041027378332570e-01
5.332599107274952344e-01
5.151216658759325551e-01
4.480395264904790120e-01
5.152744442800812896e-01
4.480395264904790120e-01
4.872276632566727717e-01
4.480395264904790120e-01
5.550561364587772717e-01
4.973081884559719112e-01
5.357147369796372294e-01
5.873680622952685004e-01
4.480395264904790120e-01
5.000360285594618315e-01
5.733413351778966494e-01
5.052306994170192578e-01
5.419478968451475476e-01
4.480395264904790120e-01
4.484251292183993320e-01
4.480395264904790120e-01
5.603096749005577193e-01
4.694062147863429790e-01
4.853482128713144106e-01
4.842187131237141173e-01
5.170766205456494014e-01
5.634377318289652825e-01
5.985904819983483005e-01
5.417670772718569117e-01
5.051789295056007267e-01
5.611781154078244738e-01
4.480395264904790120e-01
5.454071695739154402e-01
4.480395264904790120e-01
5.067851183013155625e-01
5.563865255381212904e-01
5.391865368938900671e-01
5.242230038112923873e-01
5.118228308746536337e-01
4.480395264904790120e-01
4.768351431948882890e-01
4.814968680490959718e-01
5.833409582122796033e-01
4.480395264904790120e-01
5.253374681671079127e-01
4.480395264904790120e-01
5.074295835140870681e-01
5.510588022342485237e-01
5.214222031190310913e-01
5.328364981957489643e-01
4.910414394141779937e-01
5.108458733892642378e-01
5.375312453586594819e-01
4.480395264904790120e-01
5.345455179528622036e-01
5.241951204474913917e-01
5.006487372677851377e-01
4.480395264904790120e-01
5.655385519907899505e-01
4.480395264904790120e-01
5.162118715132011371e-01
4.480395264904790120e-01
5.531682186366499998e-01
5.427242299026278083e-01
5.305491658845067349e-01
5.167337201385228118e-01
5.638118273515061452e-01
5.285413787831447774e-01
4.480395264904790120e-01
4.480395264904790120e-01
4.480395264904790120e-01
4.480395264904790120e-01
4.607517221810904506e-01
4.480395264904790120e-01
4.480395264904790120e-01
5.151689633909496413e-01
5.901201392432712245e-01
4.480395264904790120e-01
5.339541325165563235e-01
4.480395264904790120e-01
5.017724689481124489e-01
4.692806993199924448e-01
5.153189934103897807e-01
4.480395264904790120e-01
5.303320277114387249e-01
4.617177274190878977e-01
4.480395264904790120e-01
5.469219536422568195e-01
5.381293274014218309e-01
5.901103260879104750e-01
5.634985547085954449e-01
5.309560967975133217e-01
5.441513331285383614e-01
4.917155753010531982e-01
4.480395264904790120e-01
4.602340235238583377e-01
5.272840026142249226e-01
4.480395264904790120e-01
4.779045390565111462e-01
5.175905019775987048e-01
5.977182650560803889e-01
4.480395264904790120e-01
4.535286683103508243e-01
4.906508963311345117e-01
4.668406327890055052e-01
4.480395264904790120e-01
4.480395264904790120e-01
5.940811327063242331e-01
5.739312361357032932e-01
5.443669562004389562e-01
5.129089233192006825e-01
5.460202028922463979e-01
5.364643491677218989e-01
5.517295382542285465e-01
