0.8006392
0.778117
0.7930345
0.801443
0.79462
0.7475423
0.7694638
0.7698113
0.6912364
0.7341897
0.5277778
0.75
0.9
0.8625
0.708794
0.7799198
0.7753698
0.7869072
0.7805675
0.7831321
0.744511
0.8568966
0.5892421
0.8157895
0.7647059
0.801048
0.7798274
0.7925898
0.8009444
0.7946927
0.7497051
0.7676462
0.7681604
0.6861413
0.7593874
0.6111111
0.75
0.9
0.8625
0.708794
0.7790184
0.7762933
0.7865956
0.7792063
0.7854686
0.7774451
0.8724138
0.601467
0.8036437
0.7624434
0.8007669
0.7799986
0.792883
0.7999674
0.7948575
0.742037
0.7594668
0.7681604
0.685462
0.7648221
0.8333333
0.7666667
0.9
0.8625
0.708794
0.7764442
0.7733787
0.7861386
0.779415
0.7855468
0.7644711
0.8931034
0.6259169
0.805668
0.7647059
0.7997939
0.7767218
0.7921101
0.7987447
0.7938816
0.727094
0.7855195
0.7537736
0.6888587
0.7322134
0.8888889
0.7666667
1
0.85
0.708794
0.7839475
0.7752833
0.786336
0.7873736
0.7886563
0.7924152
0.9
0.6650367
0.8421053
0.7624434
0.7911537
0.7740016
0.7838372
0.7922187
0.7894642
0.7628785
0.7921842
0.804717
0.6868207
0.7351779
0.8333333
0.8333333
0.8
0.9
0.708794
0.7708411
0.7710702
0.7818492
0.7839755
0.7734735
0.8083832
0.8448276
0.7261614
0.8097166
0.8122172
0.7969706
0.7746787
0.7827575
0.7897257
0.7911379
0.7585529
0.7906695
0.8028302
0.6779891
0.729249
0.8888889
0.8
0.7333333
0.9
0.708794
0.7719617
0.7723014
0.7889741
0.7868966
0.7793277
0.8083832
0.8448276
0.7188264
0.8137652
0.800905
0.7986825
0.7778621
0.7919547
0.7974542
0.7933979
0.7475423
0.7718873
0.7716981
0.6956522
0.7376482
0.8888889
0.9
0.9333333
0.85
0.708794
0.7819824
0.7743599
0.7896595
0.786996
0.7877703
0.8083832
0.8793103
0.7261614
0.8319838
0.7963801
0.7921927
0.7734879
0.783643
0.7923141
0.7903246
0.7581597
0.7924871
0.8037736
0.6847826
0.7322134
0.8333333
0.8333333
0.8
0.9
0.708794
0.7710685
0.7709355
0.7817245
0.7842935
0.7742552
0.8123752
0.8413793
0.7286064
0.8137652
0.8076923
0.7998237
0.776321
0.7841285
0.7908622
0.7925975
0.7601258
0.7849137
0.7938679
0.6773098
0.7302372
0.9444444
0.8333333
0.7666667
0.875
0.708794
0.7755835
0.7725515
0.7906358
0.7877909
0.7824546
0.7944112
0.8482759
0.7432763
0.8178138
0.8031674
