4.009833
3.109583
2.528678
1.733684
3.760789
1.06882
1.00004
1.565016
1.283694
1.807147
1.440123
2.815418
1.003987
5.09335
1.277979
1.175087
1.681122
3.808887
1.689094
1.671897
5.2066
1.000049
2.322947
2.736227
1.521912
1.086673
2.775795
1.482197
1.850777
1.198813
2.657497
2.284976
2.67858
3.97497
1.538459
2.242171
1.077813
1.584667
2.466965
1.66898
1.818412
1.405924
1.799372
1.497627
1.258264
2.407698
1.53876
1.765676
1.000049
6.526152
4.098754
1.572192
3.299493
1.000044
1.508118
1.741717
1.060916
1.95704
1.000041
1.67854
1.513102
1.322066
1.614508
1.782333
1.000049
1.198628
2.660357
2.022697
2.116967
2.082115
1.000039
5.507884
1.000047
2.473393
1.640284
1.763618
1.116601
3.229765
1.011594
1.225083
2.431949
4.7255
5.603977
3.937457
2.228364
1.142826
1.000043
1.574351
1.203957
1.259526
1.752438
1.895487
3.392899
1.00004
3.02758
1.82331
1.531764
2.054726
2.327945
2.480439
2.412495
1.390596
1.484456
2.38844
2.904765
2.133633
2.315888
1.840697
2.78758
1.842839
2.396285
1.466097
4.306098
2.074445
3.67763
2.822197
1.956133
2.641068
4.602892
1.726987
1.944509
1.000041
1.274791
1.227262
2.25513
2.012269
1.439689
2.370327
2.434715
2.391336
4.225964
2.073385
2.568736
2.636791
1.00004
2.742209
1.411911
1.780639
3.322518
2.398173
1.873684
1.718066
1.000047
2.42255
1.529715
4.781909
1.421914
2.844411
1.634613
1.6397
2.129425
2.505103
2.022877
1.647453
2.615127
1.785617
1.000043
1.823483
2.817886
1.648933
1.000045
2.762102
1.169948
2.495999
1.000049
3.398131
2.635242
1.778892
1.785407
2.735022
2.618487
2.01999
2.155469
1.000044
1.851882
1.339786
1.000045
1.717195
1.817237
4.202213
1.283454
1.786956
1.762112
1.598904
1.453491
1.789698
2.140515
1.883389
2.31217
1.000042
2.494801
2.040347
5.110256
2.513079
1.754988
3.309698
1.483345
1.741954
1.409685
2.496924
1.204259
1.489404
1.62761
4.859391
1.00005
1.311515
2.325488
1.484844
1.000045
1.000045
5.07886
2.602064
2.195299
2.439468
2.947319
2.951236
3.038561
3.858534
1.739427
3.823948
2.885858
1.788073
1.540782
2.20061
2.656696
2.004252
3.748024
2.094472
2.621071
2.917864
1.275205
1.834627
1.46971
1.06337
1.474197
1.350994
1.559302
2.382988
3.024861
2.497582
1.000044
2.234017
1.000048
2.1482
3.017087
4.330479
1.450865
2.861448
2.359234
5.32534
1.258932
1.255627
6.069681
3.000164
2.163688
1.456409
2.756156
4.482976
3.378502
1.709004
1.000037
2.816115
4.621743
1.424923
1.605233
2.092892
1.033196
1.703656
4.521779
1.392359
1.000045
2.124857
1.637774
9.213769
1.406749
2.039789
1.437174
2.895221
1.054307
2.910556
1.879389
2.280721
2.511304
1.000041
2.696413
1.621182
1.000043
1.165596
2.227956
3.187657
4.089487
3.502643
1.00005
2.640418
1.016474
1.569525
3.324363
1.567187
1.556603
1.803631
1.097141
2.522664
2.929243
3.045477
2.151233
1.608464
2.047378
9.017216
1.110957
1.921739
4.284881
1.230513
2.403534
1.030792
1.000045
1.903504
6.268856
1.424217
1.865479
2.50916
2.517246
1.000052
1.471916
1.000052
1.317861
2.239441
1.344722
2.916015
2.573356
1.013988
2.081541
3.70846
1.697213
2.05695
1.00004
1.000036
1.062397
2.827595
1.485969
1.901741
1.439269
1.000044
1.950685
2.090967
1.020782
1.112069
3.168885
2.646232
1.061811
2.245675
1.053616
2.398451
1.656665
2.566291
1.639244
2.846599
1.865763
3.096256
1.940182
2.828573
2.260759
1.923878
1.796462
2.01429
1.716384
2.049087
1.817626
1.789951
1.000048
1.448332
2.960436
1.368631
1.398134
1.402164
1.98966
1.741771
1.638788
1.140018
1.936372
1.012618
8.573977
1.777272
4.083725
1.830961
1.850691
1.37541
1.726602
1.07575
4.671574
2.804103
4.257068
1.801651
1.322872
1.611775
1.484851
2.791083
2.720178
1.972205
2.316229
1.46591
1.846614
2.547616
1.013217
2.42406
1.895889
1.63747
1.01398
2.476748
1.263017
1.011371
3.063657
1.252134
1.000046
2.462469
2.077739
1.656484
1.647411
1.625486
3.852074
1.000045
2.88344
2.151171
1.006378
1.488073
1.339007
1.137912
1.000042
1.508278
1.486212
2.908237
1.000045
1.271824
2.612509
1.955759
1.048654
1.281983
2.540297
3.822773
1.46487
1.000044
1.648106
2.659431
1.185754
3.278561
2.610189
1.528017
2.524225
1.00005
3.066304
2.245436
1.000041
1.313256
2.861003
1.000045
1.715712
1.991174
1.814723
1.791952
5.937244
2.00613
1.152264
2.016724
3.078223
1.000039
1.83419
1.000048
2.899104
2.455748
4.622696
6.027079
1.392467
3.119186
1.00004
1.53964
1.00004
1.673411
1.595258
1.000048
2.010223
2.13341
1.800182
2.325136
2.577667
2.037225
1.825851
1.472684
1.482885
4.115695
1.000039
1.000046
3.262507
1.522456
1.273955
1.169497
1.98413
1.399519
2.908544
2.013468
1.99205
2.12704
1.438435
2.631648
1.198753
2.688006
2.59295
2.239223
2.882505
2.076333
2.625053
1.330935
1.000037
1.00004
2.946132
1.000049
1.000049
2.987344
1.25875
2.572826
9.556442
1.538254
1.475386
4.258907
2.939314
2.303319
3.45196
2.834442
4.744499
2.402671
1.457647
4.710485
2.038989
2.317079
2.06615
2.654989
2.493694
1.000041
2.353147
2.933469
2.828494
2.703271
1.348994
1.000043
1.773837
1.022889
1.602962
2.240496
1.517054
1.897191
2.746214
2.346313
1.350019
3.024765
2.79005
3.990111
3.063864
3.064384
2.054326
3.537135
1.669946
5.973424
1.941084
2.862034
1.000044
1.000041
3.284188
1.000044
1.504811
1.620613
1.000043
5.391026
2.257791
2.996108
3.33104
1.34498
1.894221
1.000045
1.20331
3.175054
1.000045
3.113364
1.259339
1.323219
1.87095
1.240447
1.899136
1.419103
1.677741
2.740169
1.507593
3.540705
1.000052
2.174528
2.89317
2.026472
1.504382
2.542521
3.616252
1.060704
1.701097
1.000046
3.674744
1.313623
2.33748
1.040268
5.476302
1.691076
2.013696
2.345526
2.099548
1.95647
1.000042
1.707167
2.365111
1.534928
1.929145
1.38712
1.900947
2.676116
2.436547
1.000045
1.24084
3.45837
1.458453
1.447555
1.973496
1.058144
1.58918
1.709565
5.351443
1.38008
1.394193
1.193454
3.769042
3.275271
2.311235
1.000047
1.648617
1.756101
1.589627
2.169965
1.679527
1.738631
1.52395
1.000044
4.443602
1.364752
3.587694
1.835865
1.168449
1.337751
2.767345
1.458306
1.158397
1.364655
2.207332
1.426757
3.697383
3.885182
1.796448
1.442096
1.263454
2.34293
1.613708
2.886249
1.96551
2.492057
1.875675
1.744497
2.152202
1.000045
3.27469
1.823271
1.440627
7.545204
1.484946
2.681853
2.094089
2.746495
2.207167
1.456967
4.836671
1.364431
1.940122
5.803849
1.911459
1.662983
1.61358
1.761469
2.49404
2.824155
2.769139
2.700919
2.120246
1.535868
1.000045
2.562684
1.669304
3.072134
2.473597
2.611986
1.405557
4.319785
1.359821
1.000044
1.000048
3.630304
1.276837
1.339007
1.75051
1.292869
2.006144
1.70937
3.4696
1.000049
1.470683
2.032638
2.030968
2.284813
3.329914
1.370713
2.774716
2.324513
2.520835
5.622823
1.209161
2.346701
3.363035
1.141526
1.332443
5.484719
3.609306
4.840624
1.267933
1.500125
2.9422
1.008931
3.340148
1.549176
1.544533
1.304638
1.743087
1.317379
1.000042
1.000047
2.822497
1.000046
4.547956
1.02671
1.067016
1.919375
2.605511
2.320549
2.894296
2.48465
2.130411
1.158223
1.932211
2.9546
1.049467
3.43452
3.012429
2.457063
1.339414
3.175282
2.349661
1.072999
1.291715
1.563819
1.115551
2.685831
1.000046
1.000038
3.509967
1.168935
1.971739
3.797707
1.00005
1.000044
2.314096
2.340003
1.000047
3.022005
1.000047
2.530784
1.067129
1.000046
1.045515
1.108824
1.000049
1.954112
1.73928
1.498934
1.31145
2.5865
2.197237
1.280931
3.163058
1.747344
1.642235
1.911034
4.765275
3.768398
1.3535
1.000042
1.600009
2.055354
1.187829
2.255871
3.746408
2.008637
1.764107
2.529708
1.865565
3.834712
3.383699
2.712453
3.360271
1.125
1.810035
2.374332
3.537191
1.459956
1.307821
1.704447
2.712807
2.935147
1.000047
2.783112
1.73085
3.7195
1.016284
1.40936
2.11359
1.562696
4.306785
1.124253
1.813996
1.30275
2.682911
1.909239
1.446556
1.000042
1.479467
4.26009
1.348836
1.000046
1.246204
4.168076
3.424418
1.000044
7.330976
1.608458
3.576272
3.66598
1.384071
1.000044
1.92757
2.322833
1.072192
2.246907
1.195023
2.669054
1.879416
1.359067
1.909241
4.824816
3.158151
3.300526
2.405558
3.324238
1.365634
2.262613
2.23574
1.888008
4.63169
2.509155
1.000047
2.478037
3.246228
3.339662
3.468569
3.240037
3.1673
2.206374
1.907255
3.068626
2.497276
1.000042
2.831838
1.415927
3.598055
1.860674
5.214214
1.316343
2.763173
2.989286
3.22299
1.79039
2.266964
4.067171
3.769527
1.241808
1.000047
2.126408
2.781755
2.165152
1.000045
1.478988
1.000043
3.359362
2.405234
2.205642
2.572261
1.466005
2.163375
2.450613
3.29587
1.396368
2.345441
3.873439
2.233608
2.068046
4.572373
1.902567
1.473837
3.109188
1.391183
1.000041
1.795012
1.000043
1.417989
1.000043
2.161933
1.2515
3.869038
2.17646
1.000046
1.803673
2.771386
1.44892
1.101604
1.531636
1.000044
1.446582
1.14712
2.224038
1.663139
2.496138
2.97596
1.609155
1.834584
1.908258
2.851329
1.51478
1.336431
1.559905
2.516523
3.427853
1.52036
2.379899
1.314026
1.748496
2.378952
1.907601
1.000047
1.034044
3.553838
2.639105
1.032954
1.765412
1.092382
2.214694
2.094466
1.313802
1.000042
4.927014
1.242028
6.263778
1.82035
2.140222
2.047818
2.599922
1.000047
1.000047
1.798863
1.608879
2.464372
1.000047
1.617203
1.000035
1.791104
1.811796
1.103754
2.363846
3.144367
2.251499
3.38289
5.585037
1.670511
1.354378
2.796377
7.905743
1.811785
4.045946
2.298917
1.88548
4.144149
3.057882
1.553552
3.595898
1.983297
1.323012
2.304693
2.284729
2.466016
1.48438
2.715035
1.345479
2.157512
1.187273
1.491759
1.980398
1.763167
1.149589
1.526613
1.000046
2.147064
2.416173
7.978769
1.000046
3.158921
2.999449
1.379897
2.198646
3.054346
1.561477
2.20717
2.603384
2.620722
2.625872
1.572488
3.361093
2.293255
2.741277
1.095242
1.16436
2.062951
2.497754
1.857671
1.000047
1.610038
2.239508
1.60621
2.484931
1.928512
1.005505
3.425742
1.728324
2.659373
2.074253
3.276788
1.000048
1.000045
3.662579
1.362297
1.439237
2.686748
1.458225
1.862423
2.203681
2.556527
1.312767
2.20754
2.076684
1.000047
2.106133
2.026017
1.644739
1.00955
1.448042
1.557415
2.51585
2.559158
1.200585
2.989042
3.537132
1.110799
1.824
2.34594
1.191542
1.178006
2.136405
1.482893
1.000043
1.334091
1.53876
1.066425
2.417499
3.266721
1.751395
1.627047
1.000035
7.037545
2.861298
1.975074
3.354789
3.467148
2.635472
1.753399
2.005116
1.650767
3.459598
1.000038
2.955526
2.408314
1.000053
2.423023
1.183989
1.196022
4.155874
2.512229
4.709222
2.380208
1.49887
2.215658
1.894257
2.689697
1.844662
1.843205
3.010615
3.56974
1.328899
1.510509
2.346286
1.251619
1.884204
1.345617
2.280906
2.032891
6.447378
1.762034
2.275549
1.425943
2.348618
3.188904
3.111172
1.236148
3.103007
1.091644
2.226961
1.510306
1.088007
1.654796
3.01167
1.728556
2.427094
1.15188
2.176697
2.539235
1.255507
1.378576
1.000049
1.139326
2.875426
2.200454
1.724551
2.713709
1.569308
1.086455
2.577517
3.610934
1.74417
1.000049
1.632136
3.494951
1.424622
1.311006
4.815271
1.354084
3.793046
2.631586
3.207847
1.715483
2.539758
4.55781
1.000049
1.410805
1.602651
2.04882
1.760168
2.422088
2.994963
1.404393
1.000046
3.607729
1.640064
5.793297
1.000045
1.29382
1.314334
1.31622
1.703525
1.430256
2.96572
2.421923
3.835894
2.602055
1.360544
1.178065
1.000044
3.018007
3.412313
1.443163
1.463218
2.136974
2.882479
1.041384
3.28022
3.231501
3.334546
1.15827
2.017357
2.761246
2.342491
1.000044
1.291044
2.485306
1.881651
1.000051
3.036148
1.803127
5.662162
1.59495
1.383204
3.390628
2.013388
1.000049
2.859252
1.000037
2.603901
1.136899
1.156499
1.960648
1.358544
1.522986
1.699689
1.968617
1.933958
2.190347
2.926896
1.87451
2.530632
1.74584
1.058643
1.244529
1.507583
1.89816
1.000049
1.436083
1.000048
1.8635
1.759215
1.069471
2.43697
1.538294
2.057654
1.310415
2.16725
1.886923
2.086113
2.307692
2.275598
6.133924
2.820034
1.000041
2.629917
1.000043
1.674773
6.796825
1.967679
3.11332
2.7524
6.484444
1.680172
3.060277
1.916859
1.416719
3.575002
1.101284
2.603574
3.124947
1.678577
1.531312
1.638014
2.233378
2.322569
1.464848
2.248986
1.519809
1.000045
2.951123
2.819861
1.386632
1.902755
1.000048
2.067731
3.888567
5.732998
4.016288
1.848282
4.084131
4.549574
1.914749
1.041461
1.489841
4.396452
3.334387
1.514068
1.000047
2.460329
1.741422
4.234523
1.420343
8.674556
1.373698
2.68532
2.490243
1.614991
1.213159
2.256863
2.673157
1.267859
1.722215
1.685115
3.070875
1.289539
2.749651
4.919577
3.780355
4.901353
2.286692
1.693954
2.95276
1.620272
1.198925
1.810003
1.510589
3.276519
2.513364
1.622868
1.763415
1.593165
1.887528
2.73607
3.203627
1.000047
1.000037
1.941362
1.191889
2.328197
2.82442
2.212778
2.708595
3.116052
3.036984
1.665465
1.000045
1.180122
1.092879
1.237374
2.482847
3.378021
1.411374
1.225009
1.213708
1.847619
1.066228
3.005389
2.276727
2.515019
1.891917
1.083101
1.718411
3.575428
2.96698
1.878317
1.520296
2.689134
2.448953
1.640174
1.731841
2.250304
2.744062
1.486636
2.365606
1.701825
1.253284
2.821332
2.090771
1.818785
2.582657
1.540757
1.696726
3.292016
1.000042
1.231543
1.273567
4.979234
1.149706
1.356386
1.886217
1.795173
2.713547
1.09242
4.908837
2.506925
1.594867
1.024807
1.449587
1.671727
1.000044
2.034284
1.000042
2.739033
1.000045
2.038819
1.000048
2.085473
2.074979
2.285492
3.137045
2.131932
6.145815
2.320404
3.437619
3.286581
1.257285
1.934589
1.062077
2.655521
1.000044
1.000043
2.978061
6.026895
2.014851
1.255912
1.162701
1.717656
2.142557
1.471907
2.356672
1.64984
1.221766
3.240378
1.829092
1.380127
1.726959
1.548282
1.000037
2.252076
2.497732
3.045026
1.31832
1.021684
1.215262
1.000043
1.16605
4.549963
2.155278
1.653451
1.321869
2.517472
3.129468
2.987062
2.226946
3.229482
1.483876
1.283098
2.257136
1.52057
1.114515
2.02833
3.639527
2.008151
1.139872
1.06436
1.578778
4.291574
1.193029
4.008157
1.466237
1.60112
1.000043
2.988207
2.660059
1.445664
2.42103
1.621633
2.909988
2.195231
1.468179
1.703901
2.128236
2.313372
4.614907
1.017469
1.380345
1.761432
3.569285
2.109472
1.315855
3.440388
1.797145
2.185567
1.443646
1.331127
1.452683
3.004905
2.251851
1.412859
2.729788
3.380094
2.11186
1.775097
1.654889
1.843815
1.360997
1.17706
1.607469
1.000045
2.303775
1.343662
1.043182
1.476296
1.213884
1.958736
1.800582
3.631823
1.040338
2.759455
5.647462
3.316085
1.427371
2.260859
1.136479
1.000038
1.701259
1.955683
1.000043
2.539237
3.487751
1.317509
1.115628
2.736103
1.000046
3.398981
3.475216
3.052682
1.077911
3.175782
1.748556
1.000045
2.265351
1.720873
1.982329
2.171382
2.761983
1.863737
1.290147
2.465664
2.759405
2.351185
2.89709
2.093685
3.433376
2.504596
2.851278
1.000037
2.128722
1.337498
1.147335
1.594517
1.258312
1.212638
1.120267
6.234551
2.839435
1.014328
1.000051
3.45358
2.082511
3.588377
1.211425
4.379471
1.000044
2.378924
2.124564
2.225927
1.639435
3.976105
1.730149
2.929603
1.769601
2.293634
2.889063
3.415983
1.895399
1.000045
1.910346
2.415561
2.639336
1.436386
1.447363
2.389601
1.187018
1.305495
1.74978
1.46632
1.00004
2.517587
2.870075
2.049786
1.000046
1.688774
1.020902
3.46288
3.340227
1.399631
1.784167
4.116727
1.020493
1.654381
3.521937
3.270806
1.025673
1.11097
1.000045
2.58484
3.003739
4.122217
1.303397
1.464196
2.266878
1.401521
1.000049
1.970195
1.429334
2.534281
1.048643
1.784963
6.740354
2.215345
1.477017
2.382673
1.871011
1.101483
1.436156
1.747805
3.831758
2.716322
2.804062
2.618429
3.31269
1.46341
3.175813
1.049343
1.937934
2.618325
1.403074
2.384452
1.442202
1.507173
1.202422
1.000042
1.766908
1.000045
3.035761
1.00004
3.664425
1.730464
1.23519
1.000047
1.000047
5.052478
1.232355
4.098276
1.00004
1.013284
1.261474
1.354526
2.998066
2.18369
1.84166
2.664948
1.953688
2.31597
2.055288
1.962044
2.303359
1.730228
1.891724
1.782966
1.163239
1.131081
2.241975
2.434648
1.344055
2.105514
3.451066
2.819026
2.328065
4.257638
1.804677
1.855574
2.986513
2.719045
3.047746
1.846933
2.534104
1.350079
1.852369
1.23247
1.311685
2.137443
1.773516
2.94449
3.823459
1.017282
1.911268
1.49168
1.000045
2.942982
1.472342
4.039612
1.736292
1.111722
2.076599
3.988692
1.984
1.000045
7.454939
1.884774
2.672471
2.334094
1.553821
2.503264
3.936372
2.477474
1.943163
1.891944
2.271868
2.68113
1.171337
2.355633
1.599058
1.332073
2.835075
3.896301
1.453168
1.130552
1.630881
3.409639
1.560811
3.229688
1.690719
1.268142
1.915479
1.11896
2.178183
2.355461
1.343495
1.80628
1.382304
2.065288
1.000047
1.310622
1.906634
2.326456
3.823417
1.766982
2.075653
1.483353
5.401656
1.701635
4.50834
3.942305
2.109419
1.491038
3.388241
1.528675
1.26386
2.145446
2.39029
1.955116
1.207296
2.391784
1.965968
2.669115
1.82207
2.625582
1.549555
1.77454
1.693004
2.972289
2.018785
1.085049
2.1568
3.222669
1.347073
2.362391
1.264545
2.071854
3.87868
2.754219
1.000041
1.613476
1.679493
1.13389
2.309096
4.265825
1.773524
1.485312
1.234888
4.057588
1.368139
1.00004
1.467525
1.453029
1.093186
3.793284
3.343618
1.381757
2.86393
1.677343
4.516645
1.224598
3.354928
1.45028
2.686712
2.253288
2.946751
3.731243
1.484366
1.000043
2.133345
1.215435
2.506719
1.21338
1.52623
1.081456
2.193134
4.971146
2.753402
1.460716
1.174232
1.198232
1.089292
3.340009
1.29491
3.061312
1.59792
2.236571
2.10299
1.471356
1.74114
3.024503
2.113644
2.908746
1.463587
1.567585
1.72042
2.881579
4.469272
5.953183
7.418726
2.345836
1.000041
1.632893
19.41207
1.000041
3.685265
1.197371
1.253307
2.47498
1.147128
2.111514
3.095764
1.719687
2.515533
2.253262
1.000042
2.885728
1.91417
1.029935
1.379294
2.033949
2.819838
2.297955
1.527206
2.41244
1.091279
2.832003
1.523917
1.90075
1.000049
1.065419
1.911791
3.422038
1.281221
4.339096
2.523159
6.839599
3.439245
1.316126
2.09715
1.31239
2.017777
2.962571
1.460534
1.520685
1.000048
1.352029
3.400512
2.81122
1.120171
1.7928
3.322131
1.75356
2.652564
2.090262
1.656687
1.189691
2.045183
2.150204
1.372825
1.190514
1.000049
2.350422
1.509263
2.275234
1.180145
2.396822
2.794999
1.832662
4.29376
2.050882
1.604528
1.287446
1.86992
1.826206
1.000038
3.609331
3.578586
1.272957
2.879508
4.601065
1.000042
1.719759
4.722446
1.000049
1.539344
2.715809
1.486127
1.648009
1.191688
2.322938
1.86714
1.92154
1.849623
3.708945
3.868274
2.513746
1.000039
2.299337
1.99486
1.571797
1.25363
2.484988
2.077503
2.356529
1.460327
1.546218
1.453745
1.514067
2.780143
2.271432
3.996959
1.945441
1.151964
1.45609
2.192288
2.39154
2.36333
3.506955
1.399298
1.309971
1.000044
1.609294
1.449155
2.81989
1.118188
3.076732
