1.871000000000000000e+03
1.370000000000000000e+02
1.523000000000000000e+03
1.380566700676565006e+03
1.130000000000000000e+03
3.260000000000000000e+02
2.060000000000000000e+02
2.660000000000000000e+02
6.510000000000000000e+02
1.564000000000000000e+03
1.965898750131208544e+03
1.921597153887336390e+03
4.270000000000000000e+02
1.426783242452931063e+03
5.500000000000000000e+02
1.014000000000000000e+03
8.190000000000000000e+02
3.200000000000000000e+01
4.920000000000000000e+02
8.600000000000000000e+01
8.630000000000000000e+02
3.000000000000000000e+00
2.900000000000000000e+01
1.760000000000000000e+03
9.521346166645691937e+02
1.338025595698631605e+03
3.300000000000000000e+01
1.624284026541556159e+03
8.420000000000000000e+02
9.800000000000000000e+01
2.390000000000000000e+02
1.307000000000000000e+03
1.860000000000000000e+02
1.690000000000000000e+02
7.000000000000000000e+00
9.670980271787572065e+02
3.870000000000000000e+02
4.439747277219132684e+02
5.390000000000000000e+02
3.880000000000000000e+02
1.655000000000000000e+03
6.850000000000000000e+02
3.370000000000000000e+02
8.840220668552299230e+02
2.779028110022667875e+02
7.060000000000000000e+02
3.032308228827642438e+02
1.512180499835709270e+03
1.852395259453063773e+03
1.120000000000000000e+02
5.630000000000000000e+02
1.030000000000000000e+03
3.320000000000000000e+02
3.000000000000000000e+01
1.612082846503577400e+02
1.350000000000000000e+02
5.880000000000000000e+02
2.130000000000000000e+02
1.630000000000000000e+02
4.760000000000000000e+02
4.000000000000000000e+01
1.840000000000000000e+02
2.420000000000000000e+02
2.630000000000000000e+02
7.000000000000000000e+01
1.380000000000000000e+02
9.750000000000000000e+02
1.237000000000000000e+03
1.600000000000000000e+01
4.950000000000000000e+02
2.770000000000000000e+02
1.703000000000000000e+03
1.600000000000000000e+02
1.320000000000000000e+02
9.299071239651131009e+02
1.120271755785154710e+03
1.184000000000000000e+03
3.230000000000000000e+02
1.242000000000000000e+03
1.060000000000000000e+02
5.760000000000000000e+02
3.720000000000000000e+02
2.310000000000000000e+02
6.250000000000000000e+02
1.809000000000000000e+03
5.700000000000000000e+01
2.761734894386052019e+02
1.870000000000000000e+02
1.224000000000000000e+03
4.230000000000000000e+02
6.500000000000000000e+01
4.900000000000000000e+01
6.480000000000000000e+02
1.612000000000000000e+03
2.170000000000000000e+02
8.624316123607345617e+02
1.506043674029457861e+03
1.488000000000000000e+03
2.620000000000000000e+02
4.908692177188087840e+02
6.530000000000000000e+02
8.040754077133777855e+02
1.628000000000000000e+03
6.010000000000000000e+02
8.200000000000000000e+01
4.870000000000000000e+02
1.137580419175506677e+03
1.704746963944446861e+03
6.900000000000000000e+01
3.400000000000000000e+01
3.980000000000000000e+02
1.315000000000000000e+03
3.150000000000000000e+02
9.600000000000000000e+01
3.000000000000000000e+01
1.069362979971326695e+02
9.690000000000000000e+02
1.259000000000000000e+03
1.060000000000000000e+02
2.250000000000000000e+02
3.200000000000000000e+01
3.380000000000000000e+02
7.851897634395663772e+02
3.320000000000000000e+02
1.700000000000000000e+01
4.200000000000000000e+01
3.020000000000000000e+02
3.400000000000000000e+01
1.072000000000000000e+03
1.820000000000000000e+02
4.130000000000000000e+02
1.310000000000000000e+02
1.970000000000000000e+02
1.107630726658951289e+03
1.390000000000000000e+02
7.980000000000000000e+02
1.938000000000000000e+03
1.384399637836389275e+03
9.384580882943922688e+02
1.635757237940541245e+03
2.340000000000000000e+02
1.538000000000000000e+03
3.154918778869217704e+02
7.530000000000000000e+02
1.799000000000000000e+03
6.660000000000000000e+02
6.600000000000000000e+02
1.290000000000000000e+02
2.850000000000000000e+02
4.850000000000000000e+02
3.540000000000000000e+02
1.867000000000000000e+03
1.558000000000000000e+03
2.030000000000000000e+02
6.814336337040339231e+02
1.280000000000000000e+02
2.680000000000000000e+02
2.310000000000000000e+02
4.040000000000000000e+02
4.000000000000000000e+02
1.340000000000000000e+02
1.362000000000000000e+03
5.190000000000000000e+02
5.840000000000000000e+02
1.910000000000000000e+02
9.700000000000000000e+01
1.296782964449490237e+03
4.730000000000000000e+02
4.940000000000000000e+02
6.080000000000000000e+02
1.073119142007953542e+03
1.960000000000000000e+02
1.232000000000000000e+03
4.500000000000000000e+01
4.630000000000000000e+02
1.365000000000000000e+03
3.560000000000000000e+02
3.214888249427416866e+01
1.260000000000000000e+02
6.270000000000000000e+02
3.100000000000000000e+01
7.230000000000000000e+02
2.000000000000000000e+02
9.152950314211134355e+02
8.700000000000000000e+01
4.870000000000000000e+02
1.330000000000000000e+02
8.200000000000000000e+01
1.211000000000000000e+03
1.237000000000000000e+03
1.099000000000000000e+03
4.310000000000000000e+02
2.970000000000000000e+02
3.800000000000000000e+01
1.447000000000000000e+03
5.110000000000000000e+02
1.166566461963692291e+03
2.320000000000000000e+02
1.670000000000000000e+02
2.800000000000000000e+02
7.370000000000000000e+02
1.588000000000000000e+03
5.030000000000000000e+02
1.400000000000000000e+01
1.000000000000000000e+01
2.100000000000000000e+01
7.210000000000000000e+02
1.350000000000000000e+02
1.101000000000000000e+03
7.250000000000000000e+02
1.860000000000000000e+02
1.386000000000000000e+03
1.150469082176479560e+03
8.000000000000000000e+01
3.770000000000000000e+02
6.720000000000000000e+02
1.447109614690693661e+03
4.090000000000000000e+02
1.670000000000000000e+02
5.920000000000000000e+02
7.000000000000000000e+02
1.734000000000000000e+03
1.660000000000000000e+02
8.752659904459126210e+02
6.348120449334873001e+02
5.360000000000000000e+02
0.000000000000000000e+00
2.675828803154896036e+02
9.587898351293762289e+02
5.310000000000000000e+02
2.970000000000000000e+02
1.056000000000000000e+03
2.800000000000000000e+02
4.640000000000000000e+02
1.481125010754455616e+03
1.849000000000000000e+03
1.417837563145805461e+03
1.010000000000000000e+02
2.170000000000000000e+02
1.706122345549254504e+01
1.240000000000000000e+02
4.010000000000000000e+02
4.550000000000000000e+02
9.200000000000000000e+01
6.353591264191478558e+02
1.985273901991201683e+03
5.200000000000000000e+02
1.443000000000000000e+03
5.220000000000000000e+02
3.410000000000000000e+02
4.640000000000000000e+02
2.400000000000000000e+01
1.558000000000000000e+03
2.700000000000000000e+02
2.080000000000000000e+02
3.060000000000000000e+02
5.020000000000000000e+02
9.250000000000000000e+02
2.880000000000000000e+02
5.100000000000000000e+01
4.120000000000000000e+02
6.600000000000000000e+01
1.830000000000000000e+02
1.110000000000000000e+02
5.400000000000000000e+02
2.310000000000000000e+02
1.091000000000000000e+03
1.368000000000000000e+03
4.580000000000000000e+02
1.980000000000000000e+02
7.300000000000000000e+02
3.220000000000000000e+02
2.180000000000000000e+02
2.270000000000000000e+02
6.020000000000000000e+02
1.000000000000000000e+02
9.095342107395975972e+02
1.844000000000000000e+03
1.830000000000000000e+02
2.390000000000000000e+02
2.460000000000000000e+02
5.960000000000000000e+02
9.140450057378934900e+01
2.360000000000000000e+02
7.440000000000000000e+02
1.330000000000000000e+02
2.780000000000000000e+02
8.700000000000000000e+01
3.780000000000000000e+02
2.160000000000000000e+02
1.998416670949756735e+03
1.117968239099132688e+03
6.230000000000000000e+02
7.170000000000000000e+02
1.283667436687812597e+03
1.870000000000000000e+02
4.270000000000000000e+02
1.066000000000000000e+03
1.943087170852924146e+03
6.020000000000000000e+02
1.330000000000000000e+02
1.131000000000000000e+03
4.690000000000000000e+02
2.060000000000000000e+02
3.420000000000000000e+02
5.500000000000000000e+02
1.847000000000000000e+03
1.153117474326257479e+03
2.000000000000000000e+02
1.551493748390228120e+03
5.420000000000000000e+02
8.820000000000000000e+02
1.900000000000000000e+02
3.520000000000000000e+02
1.009270221091144890e+03
5.300000000000000000e+01
2.340000000000000000e+02
8.900000000000000000e+02
6.320000000000000000e+02
2.580000000000000000e+02
6.300000000000000000e+01
1.507993287727432971e+03
2.640000000000000000e+02
1.870000000000000000e+02
1.200000000000000000e+02
7.830000000000000000e+02
3.090000000000000000e+02
7.200000000000000000e+01
1.110000000000000000e+02
1.416000000000000000e+03
1.278864623662362874e+03
1.276000000000000000e+03
1.574000000000000000e+03
1.051140297665931200e+01
5.908706288181004993e+02
1.650000000000000000e+02
2.593239243614209499e+02
6.710000000000000000e+02
1.816000000000000000e+03
2.680000000000000000e+02
4.100000000000000000e+01
4.300000000000000000e+02
1.370000000000000000e+02
9.540000000000000000e+02
1.622000000000000000e+03
1.830357447866488201e+03
3.280000000000000000e+02
8.490000000000000000e+02
8.080000000000000000e+02
2.490000000000000000e+02
5.800000000000000000e+01
2.700000000000000000e+01
5.410000000000000000e+02
3.700000000000000000e+02
1.801000000000000000e+03
1.982946264592275725e+02
2.210000000000000000e+02
5.501621087398731333e+02
4.150000000000000000e+02
5.490000000000000000e+02
2.920000000000000000e+02
2.240000000000000000e+02
4.000000000000000000e+01
6.200000000000000000e+01
8.250000000000000000e+02
7.360000000000000000e+02
1.976000000000000000e+03
8.610000000000000000e+02
1.380000000000000000e+02
3.140000000000000000e+02
9.640000000000000000e+02
1.765307258957975591e+02
5.384922999781929320e+02
1.200000000000000000e+01
1.474000000000000000e+03
7.570000000000000000e+02
2.100000000000000000e+02
5.480000000000000000e+02
1.440000000000000000e+02
1.880000000000000000e+02
6.480000000000000000e+02
1.942000000000000000e+03
1.943000000000000000e+03
1.607647133077803119e+02
4.410000000000000000e+02
7.300000000000000000e+02
6.370000000000000000e+02
4.900000000000000000e+01
4.920000000000000000e+02
6.520000000000000000e+02
6.703191509040183291e+02
4.000000000000000000e+00
5.000617787142211910e+02
3.800000000000000000e+01
1.340000000000000000e+02
2.650000000000000000e+02
1.267310200469060419e+03
1.220000000000000000e+02
1.160000000000000000e+02
6.230000000000000000e+02
3.680000000000000000e+02
1.090000000000000000e+02
8.450000000000000000e+02
3.000000000000000000e+00
5.510000000000000000e+02
1.760000000000000000e+02
1.780000000000000000e+02
6.990000000000000000e+02
7.800000000000000000e+02
2.210000000000000000e+02
6.540000000000000000e+02
9.386358111237209414e+02
1.170000000000000000e+02
1.105405114241783622e+03
2.130000000000000000e+02
7.280000000000000000e+02
3.120000000000000000e+02
1.600000000000000000e+01
1.330000000000000000e+03
5.660000000000000000e+02
1.063998856875742149e+03
1.472318885675061665e+03
1.900000000000000000e+01
7.800000000000000000e+01
3.406979346348662148e+02
7.000000000000000000e+00
6.600000000000000000e+01
7.770000000000000000e+02
2.230000000000000000e+02
8.200000000000000000e+01
4.320000000000000000e+02
4.220000000000000000e+02
6.400000000000000000e+02
2.190000000000000000e+02
2.960000000000000000e+02
1.095000000000000000e+03
2.640000000000000000e+02
3.760000000000000000e+02
1.137000000000000000e+03
1.574967681022940837e+02
2.070000000000000000e+02
6.080000000000000000e+02
1.626269121203376926e+03
8.310000000000000000e+02
1.034000000000000000e+03
1.738997885473161659e+03
3.850000000000000000e+02
7.120000000000000000e+02
5.600000000000000000e+01
1.100000000000000000e+01
8.770000000000000000e+02
3.581425187330604558e+02
5.535795898872595444e+02
1.660000000000000000e+02
1.818338563565558843e+03
1.850000000000000000e+02
2.109107496576150140e+02
1.550000000000000000e+02
5.410000000000000000e+02
9.200000000000000000e+01
1.864160531301389938e+03
7.590000000000000000e+02
1.070000000000000000e+02
2.490000000000000000e+02
3.370000000000000000e+02
4.580000000000000000e+02
7.180000000000000000e+02
5.200000000000000000e+01
6.400000000000000000e+01
1.068000000000000000e+03
1.622000000000000000e+03
6.740000000000000000e+02
4.700000000000000000e+02
6.620000000000000000e+02
3.970000000000000000e+02
1.811546845359184317e+03
1.550000000000000000e+02
2.180000000000000000e+02
1.360000000000000000e+02
4.720000000000000000e+02
4.180000000000000000e+02
2.517064989112882643e+02
4.540000000000000000e+02
5.430000000000000000e+02
6.760000000000000000e+02
4.590000000000000000e+02
1.099673748409723885e+03
1.591000000000000000e+03
4.970000000000000000e+02
7.800000000000000000e+02
2.170000000000000000e+02
1.186392240871569811e+03
1.589000000000000000e+03
1.010000000000000000e+02
3.510000000000000000e+02
1.060000000000000000e+02
1.081000000000000000e+03
2.370000000000000000e+02
6.170000000000000000e+02
1.203018006753497275e+03
5.140000000000000000e+02
5.800000000000000000e+01
1.883000000000000000e+03
4.780000000000000000e+02
6.700000000000000000e+01
4.100000000000000000e+01
0.000000000000000000e+00
1.966000000000000000e+03
1.580000000000000000e+02
1.950000000000000000e+02
5.900000000000000000e+01
1.400000000000000000e+02
7.443210880796198126e+02
1.354252436167624410e+03
1.836108986685099353e+03
5.260000000000000000e+02
9.770000000000000000e+02
4.360000000000000000e+02
3.010000000000000000e+02
1.802475203823676111e+03
1.120000000000000000e+02
5.340000000000000000e+02
1.889533770994504721e+03
1.479000000000000000e+03
1.422000000000000000e+03
6.216229961828880732e+02
1.211000000000000000e+03
1.010575110281546586e+03
1.450000000000000000e+02
5.440000000000000000e+02
1.794241699812863317e+03
1.909000000000000000e+03
1.830000000000000000e+02
2.500000000000000000e+01
1.650000000000000000e+02
4.160000000000000000e+02
6.430000000000000000e+02
3.900000000000000000e+02
2.990000000000000000e+02
7.260000000000000000e+02
7.700000000000000000e+02
5.410000000000000000e+02
2.570000000000000000e+02
1.470000000000000000e+02
5.480000000000000000e+02
1.997000000000000000e+03
1.825000000000000000e+03
5.050000000000000000e+02
1.600000000000000000e+02
5.200000000000000000e+01
8.000000000000000000e+00
3.286237989951013105e+02
3.070000000000000000e+02
1.160000000000000000e+02
3.890000000000000000e+02
1.067000000000000000e+03
9.600000000000000000e+01
6.169157038443651118e+02
2.900000000000000000e+02
6.200000000000000000e+01
4.000000000000000000e+01
1.180000000000000000e+02
1.032000000000000000e+03
1.375000000000000000e+03
1.167000000000000000e+03
8.372785993282012669e+02
8.800000000000000000e+01
9.820000000000000000e+02
6.980788191031714405e+02
1.055386914949185211e+03
1.656754026890587738e+03
3.320000000000000000e+02
3.630000000000000000e+02
5.600000000000000000e+01
4.330000000000000000e+02
2.860000000000000000e+02
1.058123808990819725e+03
9.200000000000000000e+01
3.460000000000000000e+02
1.260000000000000000e+03
3.330000000000000000e+02
9.918132371219237484e+02
1.563157389167198517e+03
1.084000000000000000e+03
7.250000000000000000e+02
3.809042052776172795e+02
4.970000000000000000e+02
4.000000000000000000e+00
2.170000000000000000e+02
9.230000000000000000e+02
4.435917764360648334e+02
4.400000000000000000e+01
1.764000000000000000e+03
8.335878974191128918e+02
1.012000000000000000e+03
3.006428864402874979e+02
6.060000000000000000e+02
1.356332597015815736e+03
4.680000000000000000e+02
1.222000000000000000e+03
1.310000000000000000e+02
6.716270591623139126e+02
1.120000000000000000e+03
4.980000000000000000e+02
1.112215971645143100e+03
1.988320035256529309e+03
3.630000000000000000e+02
9.940000000000000000e+02
1.229000000000000000e+03
3.150000000000000000e+02
7.910000000000000000e+02
3.270000000000000000e+02
7.800000000000000000e+01
1.524000000000000000e+03
6.713736205258989003e+02
2.230000000000000000e+02
3.110000000000000000e+02
6.290000000000000000e+02
9.140000000000000000e+02
2.620000000000000000e+02
1.021000000000000000e+03
4.900000000000000000e+02
1.414398739486464592e+03
6.308882585262896328e+02
1.869000000000000000e+03
1.345335454005646852e+03
5.290000000000000000e+02
1.634817000428898552e+02
1.936000000000000000e+03
3.429141427256523684e+02
1.044000000000000000e+03
1.030000000000000000e+02
1.027000000000000000e+03
1.130000000000000000e+02
1.173851291277215296e+03
5.540000000000000000e+02
9.580000000000000000e+02
9.900000000000000000e+01
6.880000000000000000e+02
3.720000000000000000e+02
2.870000000000000000e+02
1.280000000000000000e+02
4.090000000000000000e+02
1.135000000000000000e+03
3.410000000000000000e+02
1.830000000000000000e+02
6.290000000000000000e+02
9.438206091691467918e+02
6.200000000000000000e+01
2.760000000000000000e+02
1.526741797527840163e+03
3.700000000000000000e+01
1.162000000000000000e+03
1.130000000000000000e+02
9.120000000000000000e+02
1.537210877391087706e+03
7.700000000000000000e+02
4.190000000000000000e+02
1.690000000000000000e+02
5.710000000000000000e+02
7.370000000000000000e+02
3.360000000000000000e+02
7.276702749124755201e+02
1.090000000000000000e+02
1.111000000000000000e+03
3.770000000000000000e+02
1.621569232336481491e+03
3.530000000000000000e+02
3.733900076043836975e+02
7.200000000000000000e+02
4.570000000000000000e+02
1.364000000000000000e+03
7.640000000000000000e+02
6.190000000000000000e+02
7.410000000000000000e+02
3.920791382857315739e+02
3.770000000000000000e+02
1.474347457304657837e+03
8.800000000000000000e+01
2.650000000000000000e+02
2.075507137477130470e+02
4.660000000000000000e+02
9.300000000000000000e+01
1.750000000000000000e+02
1.720000000000000000e+03
1.715000000000000000e+03
1.690000000000000000e+02
2.470000000000000000e+02
2.730000000000000000e+02
4.710000000000000000e+02
8.000000000000000000e+01
2.330000000000000000e+02
2.970000000000000000e+02
1.181998770873771143e+01
2.280000000000000000e+02
7.740000000000000000e+02
5.000000000000000000e+02
1.539190743341411917e+03
9.710000000000000000e+02
3.200000000000000000e+01
8.100000000000000000e+01
8.733151588006313659e+02
1.270000000000000000e+03
1.126317960968583293e+03
3.960000000000000000e+02
2.670000000000000000e+02
2.200000000000000000e+01
3.303006627332651988e+02
7.243884686957846952e+01
9.900000000000000000e+02
2.700000000000000000e+01
4.189742457343961064e+02
9.970000000000000000e+02
5.000000000000000000e+00
2.160000000000000000e+02
4.220000000000000000e+02
1.310000000000000000e+02
6.750000000000000000e+02
4.600000000000000000e+01
6.280000000000000000e+02
3.010000000000000000e+02
9.700000000000000000e+01
1.670000000000000000e+02
8.500000000000000000e+01
8.980000000000000000e+02
1.655000000000000000e+03
3.960000000000000000e+02
2.679796373082854188e+02
4.830000000000000000e+02
2.440000000000000000e+02
7.120000000000000000e+02
1.732150026267538578e+03
6.110000000000000000e+02
3.073252056446733604e+02
8.900000000000000000e+01
5.880000000000000000e+02
9.617158707973094351e+02
2.960000000000000000e+02
7.010000000000000000e+02
4.500000000000000000e+01
1.548783709499986344e+03
3.270000000000000000e+02
1.037000000000000000e+03
1.293000000000000000e+03
6.060000000000000000e+02
1.070000000000000000e+02
4.700000000000000000e+01
4.240000000000000000e+02
1.711000000000000000e+03
9.520000000000000000e+02
1.690000000000000000e+02
2.289743384620515201e+02
1.216806887718384615e+02
4.270000000000000000e+02
5.890000000000000000e+02
1.187000000000000000e+03
1.043034379554291490e+03
9.330000000000000000e+02
1.151000000000000000e+03
5.640000000000000000e+02
1.033000000000000000e+03
3.000000000000000000e+01
7.840000000000000000e+02
5.660000000000000000e+02
3.241134436212349783e+02
5.030000000000000000e+02
1.829000000000000000e+03
4.730000000000000000e+02
1.060000000000000000e+02
1.320000000000000000e+03
9.150000000000000000e+02
7.140000000000000000e+02
1.476581399137701851e+02
1.626497371319226886e+03
2.950000000000000000e+02
1.338000000000000000e+03
7.000000000000000000e+00
1.922758217574484888e+03
1.089000000000000000e+03
2.495144697053959248e+02
8.300000000000000000e+02
1.340000000000000000e+02
1.182483016399533653e+03
1.294230073106914688e+03
2.290000000000000000e+02
1.669000000000000000e+03
1.413060003520728969e+03
3.360000000000000000e+02
8.080000000000000000e+02
3.620000000000000000e+02
2.320000000000000000e+02
2.800000000000000000e+02
4.600000000000000000e+01
5.754892348278685859e+02
1.665000000000000000e+03
1.270000000000000000e+02
2.300000000000000000e+01
7.570000000000000000e+02
2.410000000000000000e+02
5.270000000000000000e+02
1.764298097853428317e+03
4.180000000000000000e+02
1.815509284247378616e+02
4.500000000000000000e+01
1.413509208443455691e+03
7.040000000000000000e+02
5.460000000000000000e+02
7.710000000000000000e+02
3.650000000000000000e+02
2.320000000000000000e+02
3.685079113723124351e+02
2.303890361357941003e+02
4.080000000000000000e+02
2.110000000000000000e+02
5.000000000000000000e+02
3.400000000000000000e+02
1.000000000000000000e+01
1.454000000000000000e+03
4.000000000000000000e+00
6.000000000000000000e+01
1.445000000000000000e+03
1.598000000000000000e+03
2.632661292514915203e+02
1.078000000000000000e+03
3.140000000000000000e+02
8.050000000000000000e+02
7.780000000000000000e+02
4.400000000000000000e+01
8.200000000000000000e+01
2.100000000000000000e+01
6.360000000000000000e+02
6.000000000000000000e+01
7.130000000000000000e+02
1.382000000000000000e+03
1.259000000000000000e+03
3.120000000000000000e+02
1.274000000000000000e+03
1.540000000000000000e+02
9.341614594039917847e+02
3.670000000000000000e+02
5.250000000000000000e+02
1.410000000000000000e+02
2.570000000000000000e+02
2.840000000000000000e+02
7.160000000000000000e+02
7.670000000000000000e+02
2.800000000000000000e+02
3.950000000000000000e+02
3.570000000000000000e+02
1.529791307289845463e+03
1.750947520367045854e+03
8.200000000000000000e+01
1.143000000000000000e+03
1.610458355428183950e+03
2.150000000000000000e+02
3.260000000000000000e+02
1.000000000000000000e+02
6.880000000000000000e+02
1.559000000000000000e+03
1.984000000000000000e+03
1.420000000000000000e+02
8.269505226046063626e+02
1.024000000000000000e+03
6.300000000000000000e+01
1.183000000000000000e+03
1.023304776177434064e+03
3.950000000000000000e+02
1.130000000000000000e+02
4.044388505233209798e+02
1.400000000000000000e+02
2.750000000000000000e+02
1.370000000000000000e+02
1.788925863102776475e+03
1.810000000000000000e+02
1.320000000000000000e+02
1.170000000000000000e+02
1.500000000000000000e+01
5.400000000000000000e+01
2.960000000000000000e+02
3.953199312984773997e+02
2.080000000000000000e+02
1.540000000000000000e+02
6.046457101378650805e+02
1.068000000000000000e+03
2.600000000000000000e+01
3.211816288182089920e+02
3.190000000000000000e+02
1.040000000000000000e+02
1.330000000000000000e+02
1.000000000000000000e+00
2.500000000000000000e+01
1.313410624372854045e+03
5.160000000000000000e+02
2.230000000000000000e+02
4.830000000000000000e+02
1.790000000000000000e+03
8.720000000000000000e+02
5.460000000000000000e+02
2.400000000000000000e+01
3.600000000000000000e+01
5.030000000000000000e+02
2.710000000000000000e+02
5.171275965262118461e+02
6.331385759336161101e+01
1.800000000000000000e+01
1.860000000000000000e+02
3.200000000000000000e+01
2.220000000000000000e+02
4.220000000000000000e+02
1.214000000000000000e+03
9.550000000000000000e+02
1.390000000000000000e+02
1.123000000000000000e+03
1.020000000000000000e+02
1.600000000000000000e+01
2.210000000000000000e+02
3.770000000000000000e+02
6.030000000000000000e+02
4.070000000000000000e+02
7.150000000000000000e+02
1.150000000000000000e+02
2.790000000000000000e+02
3.930000000000000000e+02
7.870000000000000000e+02
4.415781715072566271e+02
8.660000000000000000e+02
2.560000000000000000e+02
3.150000000000000000e+02
1.851000000000000000e+03
1.841341815015521433e+03
3.670000000000000000e+02
5.780000000000000000e+02
1.583000000000000000e+03
8.890000000000000000e+02
5.005883827678923126e+02
6.553283452584812494e+02
1.265000000000000000e+03
7.000000000000000000e+01
1.270000000000000000e+02
7.600000000000000000e+01
2.140000000000000000e+02
3.400000000000000000e+02
2.110000000000000000e+02
2.960000000000000000e+02
1.650000000000000000e+02
1.969000000000000000e+03
1.640000000000000000e+02
4.590000000000000000e+02
3.629371981425186959e+02
7.015175729463564949e+02
6.000000000000000000e+02
6.200000000000000000e+01
2.019779025687615786e+02
4.200000000000000000e+01
4.800000000000000000e+01
4.960000000000000000e+02
7.780000000000000000e+02
7.290000000000000000e+02
1.107000000000000000e+03
6.200000000000000000e+02
4.400000000000000000e+01
1.182000000000000000e+03
9.190000000000000000e+02
2.840000000000000000e+02
1.097665814072832404e+02
1.543726927837159792e+03
1.121611517928848116e+03
1.630000000000000000e+02
6.820000000000000000e+02
1.020358245119073331e+03
6.090000000000000000e+02
7.000000000000000000e+00
4.473800478109440064e+02
9.560000000000000000e+02
1.008000000000000000e+03
9.030000000000000000e+02
3.060000000000000000e+02
5.640000000000000000e+02
1.050000000000000000e+02
1.390000000000000000e+02
1.000000000000000000e+01
3.390000000000000000e+02
1.723000000000000000e+03
1.052000000000000000e+03
1.283000000000000000e+03
8.750000000000000000e+02
3.559958217267422498e+01
3.960000000000000000e+02
1.600000000000000000e+01
1.730000000000000000e+03
7.500000000000000000e+02
9.300000000000000000e+01
8.600000000000000000e+01
1.336449167027114527e+03
7.480000000000000000e+02
6.460000000000000000e+02
1.133000000000000000e+03
4.338870972499928484e+02
1.000000000000000000e+00
4.620000000000000000e+02
