6.232569609740646683e+02
2.796645190513768853e+01
3.950202563397047015e+02
5.653919830247741629e+02
2.810204634031243387e+01
6.437496480093357150e+02
1.366994872305642446e+02
4.626984440515117285e+02
5.128463348862754856e+01
3.801038641881395961e+02
2.126602842114815246e+02
3.278458048813085384e+02
7.622297078940271149e+02
6.750000000000000000e+02
3.230000000000000000e+02
8.329242851552726279e+02
2.532715317823806060e+02
6.170000000000000000e+02
2.038328705001068997e+01
7.480000000000000000e+02
1.000907828509209253e+03
3.509603437201839142e+02
6.511440932498750271e+02
7.822330496108949092e+02
6.527546552438893741e+02
7.552332040595262015e+02
9.506117327159888646e+02
2.003606823625329127e+02
2.138001732033234248e+01
1.533823457847903740e+02
1.272209748742062487e+02
6.704588446199106784e+02
4.460000000000000000e+02
2.189645409065036290e+02
7.004649712461508670e+02
7.678980983562407800e+02
1.687891433678022679e+02
6.082474938909316506e+02
7.489256519552858435e+02
1.155328713788976671e+02
2.700000000000000000e+01
9.657207730340876424e+02
3.810000000000000000e+02
2.667842549746601577e+01
8.320000000000000000e+02
5.670000000000000000e+02
9.591728382058959141e+02
3.976544415166273438e+02
7.160147050494683754e+02
7.699647784305996367e+01
6.916144159329803642e+02
6.282423956010444499e+02
6.900000000000000000e+01
7.734808849512239703e+02
8.512932390887963265e+02
6.014116148168441214e+02
8.000000000000000000e+01
9.848443515146713025e+02
7.836353463610196286e+02
3.482037653084489648e+02
4.293780132347444578e+02
3.715708762180561848e+02
5.069607896770779121e+02
3.422311748612831934e+02
8.505756269995773664e+02
8.233309180900580486e+02
1.065388706439985782e+02
9.617875672145785302e+02
6.365851061014459447e+02
8.297073110024582547e+02
7.083086437060769640e+02
4.364871450076770429e+02
7.347953040133918421e+02
9.664737312380776757e+02
2.710823963874008200e+02
8.091992188067558800e+02
5.391729064482557305e+02
4.844975038831961456e+02
4.365744930038943039e+02
7.320262143051222665e+02
2.693955380492253084e+02
8.527131600193318945e+02
8.317310188906034227e+02
8.766289805567440396e+01
8.826311840027719882e+02
2.448634391909560009e+02
4.657084666032317273e+02
6.113317042305205860e+02
2.340000000000000000e+02
7.710000000000000000e+02
8.519528363124591124e+02
1.828398571576917959e+02
2.131198501797389895e+02
7.988323568280965219e+02
3.413388431642836167e+02
4.120000000000000000e+02
7.021837503322016119e+02
2.772685757561849300e+02
1.115111443867711216e+01
9.490625777770311515e+02
8.661296195802125908e+01
7.210746641041943121e+02
4.895778468487873738e+02
7.591646534824664059e+02
6.916093394465229949e+02
6.469028997409523072e+02
4.918213350785861735e+02
7.939328681323174806e+02
9.405335055467168104e+01
2.225964004725301493e+02
6.927871552952018419e+02
3.072060301300883793e+02
5.825555853323671727e+02
4.742604887595247760e+02
5.319219311457677577e+02
4.265038127052147843e+02
7.469354367136096471e+02
3.317912971959301558e+02
7.038549421857688912e+02
2.719164269761963624e+02
2.524036762009415042e+02
3.690000000000000000e+02
1.935842934515173965e+02
1.205547412550528321e+02
5.368639653837498145e+02
7.631896094841030163e+02
1.880000000000000000e+02
2.173846398786056682e+02
4.851985872127086736e+02
7.255850010930515737e+02
9.776070228830567430e+02
5.256368691086078115e+02
2.839987032749550053e+02
4.510000000000000000e+02
8.900000000000000000e+01
2.284831634825547155e+02
1.804415436854033317e+02
1.514836725606383183e+01
5.351350892676632611e+02
8.420000000000000000e+02
4.830000000000000000e+02
5.543589667986083214e+02
6.984173929101943941e+02
1.272794929584088948e+02
8.694611972629439833e+02
4.918786945237788473e+02
8.737197349985345909e+02
5.750642196263322603e+02
4.703969449305101875e+02
4.414687981360102640e+02
1.853636703900817224e+02
5.237671718357783845e+01
9.420635967681032525e+02
4.787291872656876990e+02
8.231156452994304118e+02
4.017074422519397672e+02
3.520000000000000000e+02
4.770000000000000000e+02
1.220000000000000000e+02
1.501975844736551551e+02
5.638395970845641614e+02
3.048355118422276746e+02
9.949181227102201319e+02
1.194515622114615780e+02
7.654434453261942508e+02
6.073176512429628247e+02
7.917408298434194194e+02
2.266871370650346194e+02
5.235725351302178296e+02
4.515144648887542189e+02
4.437210040193283476e+02
4.940000000000000000e+02
9.170000000000000000e+02
3.063802443193603722e+02
6.220273210721485384e+02
6.106309122451302756e+02
7.410893054845449797e+02
7.710000000000000000e+02
2.087879058235513412e+02
2.120251953053929981e+02
6.614281371920366155e+02
1.270000000000000000e+02
5.960000000000000000e+02
7.606486890116792665e+01
3.675722602885732826e+00
4.515037046177023967e+02
5.948111951195633083e+02
2.922592890310276061e+02
2.324762345560258439e+02
7.079558298790332174e+02
7.039875580937172117e+02
4.550313264070432524e+02
6.883849200712427319e+02
9.249110444825487320e+02
7.888280266467313595e+02
6.260580071642218627e+02
2.570000000000000000e+02
9.346684584455132381e+02
4.261389661042116472e+02
7.400000000000000000e+01
6.486347234024807449e+02
9.094114452126060542e+02
8.276311596500596579e+02
7.240983685581414875e+01
1.669227892207246668e+02
3.086118126142325195e+02
1.140000000000000000e+02
5.702070493190923344e+02
2.896105883058417589e+02
1.253536581747082295e+02
6.896779912120937297e+02
7.007336849757173241e+02
9.436762407440407969e+02
5.014721771179255825e+02
4.947952193450843197e+02
8.144185189930097124e+01
4.086078418361304898e+01
4.330286641607725642e+02
5.900000000000000000e+01
5.250000000000000000e+02
9.232688663098520010e+01
9.629111021928366654e+02
8.369586139061813128e+02
4.390000000000000000e+02
9.517862778063523592e+02
1.000572416877451360e+03
6.732815843032392422e+02
2.705110259670539108e+02
4.123167314461617394e+01
7.572688304125571221e+02
4.715008232516335624e+02
6.525094894336863263e+02
4.540000000000000000e+02
1.824891472231259115e+02
5.863296252778543476e+02
6.357847194540868259e+02
4.927258021910133721e+02
9.224240629382718737e+01
8.480000000000000000e+02
9.140000000000000000e+02
6.711335095211854878e+02
8.587330944003525701e+02
3.308036635789654270e+02
6.946736739834325363e+02
2.892177953614557282e+02
9.461935395632106065e+02
8.145660347379725863e+02
5.510966089717828709e+02
4.558259086017294521e+02
3.155171571701679341e+02
3.242737862759946665e+02
9.711847268085771248e+02
4.051750570007456531e+02
5.155962523291051411e+02
9.891192147817541809e+02
4.460000000000000000e+02
5.435935943571950020e+02
4.142475707993215224e+02
1.885825413945271123e+02
3.627793591516752372e+02
7.574431540555737001e+02
6.264087421450090005e+02
7.609905360610169964e+02
2.045582383502738821e+02
5.502196390853316643e+02
9.286727608444476800e+02
4.391160950723782435e+02
6.992500291221722364e+02
1.224260833626198348e+02
9.741468158216944175e+02
6.098716670819649153e+02
2.402974623276503792e+02
1.593781638052323899e+02
9.350000000000000000e+02
5.532514090537330276e+02
4.270000000000000000e+02
3.300000000000000000e+02
9.139298784841679435e+02
5.150000000000000000e+02
1.184661490895575469e+02
8.331431737689011925e+02
4.993755047071952617e+02
7.176033259917910527e+02
5.098720150695117468e+02
6.620000000000000000e+02
8.357239455766944047e+02
9.812446326033755213e+02
2.447309060751383640e+02
5.522650768804696781e+02
3.845860132471499355e+02
9.228681499315619021e+02
5.092408915928940019e+02
8.803262551464761145e+02
8.650269344285881061e+02
2.772474028220409537e+02
7.910061820031135085e+02
4.159424235513451436e+02
9.352483936825201454e+02
5.087376758096564799e+02
8.215494731855783357e+02
9.870000000000000000e+02
2.995558497717672140e+02
5.879377224141610441e+02
3.480000000000000000e+02
4.906403466557010233e+02
1.495954183827891200e+02
5.395805777038737006e+02
3.461239416930075095e+02
5.529174170708109841e+02
5.444300629586730338e+02
4.563446168665010987e+02
5.600000000000000000e+01
1.896523737071054256e+02
6.984984276205713059e+02
5.727976419849011336e+02
2.345624460578931121e+02
7.765444750992588752e+02
4.464729909730191793e+01
7.457051515651959335e+02
7.062278810250026027e+02
6.880000000000000000e+02
3.870787524909823105e+02
6.646888294845347218e+02
8.217475517095550686e+02
9.818181386597850633e+02
4.963286496164235473e+02
3.801961134557618749e+01
3.170000000000000000e+02
9.800000000000000000e+01
8.150000000000000000e+02
8.751903740543083359e+02
4.413062097706771283e+02
4.810000000000000000e+02
4.579280744742422371e+02
7.234438275706426111e+02
4.109786197463644157e+02
6.557813264277338021e+02
1.553612187715488346e+02
4.704906009847319410e+02
9.702036305742171862e+02
3.395612340514316543e+02
6.937045985868820708e+02
6.508366525792725952e+02
8.527652923506914249e+02
8.533413365658930161e+02
8.603421841682666127e+02
3.810093975226550356e+02
7.950000000000000000e+02
7.197174252229830245e+02
7.604018093343636338e+02
7.200000000000000000e+02
3.689909983768657753e+01
6.942074718155144808e+01
6.321610168546405930e+02
9.219290987802967265e+02
9.984259229562153450e+02
7.477663667379270009e+02
4.349714719231257050e+02
9.944312638319796349e+01
6.347478287807912238e+02
5.190000000000000000e+02
4.446785516617057965e+02
6.950011627932345846e+02
8.920000000000000000e+02
4.699096867721274862e+01
7.971434651622117826e+02
2.943677759652088071e+02
3.758410897753148561e+02
1.465697956993984405e+02
5.321663181487600696e+02
5.669280619159368371e+02
7.935194738809532282e+02
1.709836490680973782e+02
7.996835065999464121e+01
8.718395986448548456e+02
6.207103685374153201e+02
5.720000000000000000e+02
2.240000000000000000e+02
1.441177201285096601e+02
4.621499133549975795e+02
2.549773394135422677e+02
7.860000000000000000e+02
1.039743145487104137e+01
8.056330769751463095e+02
9.022094235988830633e+02
1.040000000000000000e+02
1.589756220717869439e+02
4.427297836038144396e+02
3.465656244430816741e+02
5.885717051264214206e+02
6.399387023600121438e+02
4.253089384608976502e+02
2.510982244077012524e+02
6.750000000000000000e+02
2.002169991088923382e+02
6.400000000000000000e+02
4.842080610592161065e+02
2.382057019275746086e+02
5.729226923507388847e+02
5.758119301786450706e+02
7.440000000000000000e+02
2.962307538832693581e+02
9.789444845768626919e+02
6.592298159286806367e+02
9.500000000000000000e+01
4.060000000000000000e+02
6.867994927340121194e+02
7.456688411653251478e+02
5.004425077599994154e+01
6.074064930764745895e+02
8.190000000000000000e+02
9.051552908937253505e+02
2.871941514591944724e+02
7.998601195075987107e+02
6.080649981642659441e+02
9.800000000000000000e+02
6.376178780058918392e+02
3.220000000000000000e+02
6.787644586233594737e+02
7.219283766707089853e+02
6.290000000000000000e+02
8.393371169625165749e+02
6.292481036868982756e+02
9.044037040729679120e+02
6.473406088905228444e+02
3.099328839526360753e+02
4.418231901628115565e+02
5.805738053684027591e+02
7.333597679392382815e+02
9.113337574621893111e+01
2.961104516291553068e+02
1.910000000000000000e+02
1.766400704443066161e+02
1.331597977467835392e+02
5.404077589844210934e+02
9.724895812113398961e+02
8.590000000000000000e+02
9.144869744816969614e+02
8.314726195673973734e+02
2.579700845632623327e+02
7.120000000000000000e+02
4.828478298737412047e+02
8.074884937937665654e+02
8.420000000000000000e+02
3.397152538018862629e+02
1.161697074497594002e+02
9.638932928688775519e+02
1.417570150058826641e+02
9.675002094627520819e+02
8.611405968988218547e+02
7.252167120755182168e+02
9.809422427819034738e+02
9.682697473000323498e+02
8.055876440205619247e+02
3.667750494055663921e+02
7.916819685889374796e+02
1.491865510090117830e+01
5.375723082690591355e+02
4.557860277338746755e+02
6.738283818737536421e+02
6.733407973510131797e+02
5.855600916521660793e+02
8.234173012267742706e+02
9.412918917795541347e+02
1.093461021992306854e+02
2.348219022115831649e+02
2.602464964648232382e+01
8.852348452148521574e+02
5.624073822498788786e+02
9.162559087431594662e+02
3.230000000000000000e+02
6.421704116019543562e+01
8.248553513904475949e+02
2.910000000000000000e+02
9.400000000000000000e+01
4.092958557954127059e+02
1.407770125072210874e+02
9.472615328819462093e+02
3.053645843560051958e+02
4.936246189782058877e+02
9.819199862182159677e+01
7.230000000000000000e+02
1.366640487063365299e+02
4.546437568888925966e+02
6.714862188501712126e+02
7.441401215231715014e+02
9.469740857794321300e+02
4.201267534147228275e+02
7.432690147653157737e+02
1.555229024098350123e+02
4.158845274368069340e+02
1.000216347105284882e+02
4.903470377896145465e+02
4.091158856977004916e+02
7.100000000000000000e+02
3.371628685504690282e+01
3.715299587344354109e+02
8.640000000000000000e+02
9.515551698514269674e+02
8.564501933059545991e+02
