1.410801
1.320229
1.300399
1.334844
1.45093
1.157645
1.000109
1.308974
1.065648
1.308295
1.267836
1.411801
1.104952
1.656658
1.09173
1.160807
1.16462
1.346407
1.160679
1.162102
1.424513
1.125711
1.253044
1.46324
1.120826
1.143823
1.334968
1.12951
1.231487
1.197835
1.365577
1.431636
1.319213
1.464096
1.145861
1.488944
1.133811
1.160559
1.296617
1.155313
1.196186
1.233895
1.332674
1.292821
1.245924
1.259975
1.240181
1.210674
1.000116
1.895387
1.485061
1.173051
1.40338
1.130728
1.165666
1.314687
1.129812
1.287741
1.000122
1.145967
1.149382
1.22146
1.311106
1.194088
1.03634
1.206187
1.480062
1.401631
1.248816
1.272368
1.062744
1.667406
1.000124
1.28271
1.302673
1.325232
1.035729
1.594838
1.140441
1.21667
1.307663
1.532225
1.54541
1.479378
1.424788
1.045307
1.115655
1.286885
1.179557
1.203792
1.194215
1.160046
1.561805
1.103143
1.41046
1.32891
1.304161
1.401302
1.439207
1.451695
1.445863
1.200974
1.291768
1.340038
1.363552
1.411018
1.340882
1.219089
1.317073
1.172201
1.272657
1.095488
1.411639
1.257005
1.407638
