236	0
89	0
263	0
446	0
263	0
410	0
921	0
332	0
985	0
499	0
286	0
447	0
543	0
630	0
472	0
541	0
413	1
139	1
15	0
629	0
786	0
133	0
16	1
618	0
243	0
351	0
124	0
183	0
588	0
283	0
220	1
227	0
317	0
878	0
260	0
429	0
404	0
174	0
66	0
334	0
479	0
621	0
605	0
933	0
898	0
386	0
429	0
593	0
120	0
469	0
618	0
152	0
45	0
464	0
658	0
483	0
96	0
304	0
910	0
574	0
17	0
128	0
558	0
255	0
666	0
359	0
338	0
672	0
489	0
520	0
530	0
657	0
45	1
94	0
787	0
197	0
124	0
953	0
803	0
37	1
615	0
311	0
53	1
290	0
650	0
839	0
496	0
845	0
369	0
881	0
94	0
531	0
90	0
615	0
928	0
275	0
552	0
395	1
244	0
106	0
252	0
271	0
44	1
844	0
90	0
648	0
358	0
356	0
574	0
437	0
972	0
721	0
566	0
54	0
243	0
948	0
241	0
460	0
351	0
367	0
5	1
512	1
227	0
139	1
378	0
187	0
138	0
116	0
13	0
444	0
480	0
784	0
256	0
364	0
16	0
430	0
239	0
445	0
513	0
934	0
628	0
271	0
623	0
368	0
269	0
452	0
196	0
174	1
13	0
294	0
267	0
397	0
846	0
635	0
199	0
464	0
272	0
164	0
48	1
193	0
206	0
548	0
287	0
133	0
943	0
726	0
29	0
5	1
951	0
431	0
377	1
846	0
100	0
245	0
253	0
499	0
73	0
740	0
256	0
38	0
816	0
371	0
308	0
227	0
316	0
129	1
360	0
87	0
386	0
774	0
960	0
408	0
138	1
446	0
757	0
175	0
713	0
6	0
458	0
221	0
100	0
755	0
963	0
17	0
201	0
598	0
108	0
40	0
76	0
762	0
21	1
606	0
474	0
103	0
295	0
377	1
156	1
689	0
563	0
555	0
792	0
222	0
337	0
562	0
95	1
800	0
943	0
546	0
397	0
20	0
492	0
12	0
371	0
154	0
644	0
392	0
3	1
64	1
185	1
408	1
754	0
13	0
107	0
511	1
11	0
39	0
663	0
571	0
289	0
6	0
11	0
726	0
979	0
349	0
897	0
801	0
302	0
264	0
335	0
37	0
777	0
821	0
170	0
933	0
520	0
112	0
114	0
552	0
639	0
741	0
2	1
210	0
416	0
505	1
431	0
673	0
443	0
795	0
274	0
452	0
29	0
84	0
257	0
11	0
572	0
798	0
363	0
462	0
9	1
164	0
88	0
814	0
982	0
390	0
495	0
979	0
577	0
421	0
111	0
401	0
432	0
227	0
301	0
298	0
68	1
0	0
458	0
556	0
480	0
469	0
545	0
700	0
445	0
332	0
289	1
222	0
482	0
515	0
136	0
358	0
881	0
461	0
150	0
213	0
373	0
397	0
771	0
612	0
726	0
108	0
909	0
130	1
77	0
41	0
53	0
373	0
279	0
284	0
226	0
283	1
150	0
791	0
592	0
102	0
300	0
855	0
959	0
389	0
912	0
190	0
916	0
314	0
893	0
39	0
456	1
255	0
512	0
495	0
38	0
83	0
54	0
394	0
285	0
561	0
11	1
601	0
167	0
125	0
679	0
556	0
299	0
791	0
62	0
552	0
797	0
177	0
682	0
94	0
18	0
358	0
886	0
914	0
2	1
147	0
310	0
828	0
387	0
66	0
276	1
933	0
139	1
470	0
759	0
191	0
676	0
38	0
375	1
349	0
793	0
51	0
128	0
790	0
965	0
79	1
212	0
254	0
346	0
104	1
588	0
95	0
645	1
842	0
295	0
915	0
329	0
358	0
850	0
165	1
4	0
600	0
152	0
511	0
660	0
312	1
168	0
700	0
113	0
77	0
733	0
528	0
91	0
399	0
75	1
94	0
160	0
743	0
508	0
240	0
661	0
209	0
183	0
653	0
837	0
890	0
227	0
401	0
19	0
276	0
758	0
473	0
430	1
649	0
811	0
531	0
804	0
198	0
738	0
786	0
468	0
310	0
642	0
374	1
133	0
194	0
25	1
109	0
29	0
383	0
181	0
824	0
32	0
40	0
690	0
399	1
836	0
923	0
466	0
255	0
253	0
267	1
849	0
74	0
836	0
785	0
332	0
319	0
207	0
344	0
963	0
201	0
291	1
824	0
43	0
993	0
98	0
586	0
385	0
942	0
940	0
125	0
545	0
842	0
183	0
166	0
117	0
731	0
914	0
516	1
578	1
277	0
125	0
288	1
818	0
632	0
234	0
76	0
482	0
219	0
857	0
55	0
5	0
98	0
46	0
491	0
577	0
307	0
976	0
333	1
283	0
237	0
877	0
383	0
453	0
473	1
345	0
22	0
575	0
595	0
849	0
188	0
51	0
28	0
472	0
504	0
717	0
402	0
204	0
125	0
172	0
909	0
267	0
502	1
197	1
347	1
650	0
830	0
328	0
251	0
850	0
618	0
754	0
112	0
348	0
206	0
353	0
516	1
75	0
119	0
63	0
5	0
105	1
764	0
533	0
879	0
481	0
556	0
171	0
655	0
29	0
384	0
266	0
849	0
176	0
690	0
509	0
80	0
76	0
936	0
175	0
908	0
706	1
577	0
576	0
526	0
635	0
338	0
392	0
708	0
286	0
776	0
669	0
954	0
119	0
319	0
280	0
616	0
59	0
101	0
494	0
738	0
659	0
278	0
840	0
126	1
168	1
625	0
565	0
259	0
993	0
745	0
114	0
694	0
308	0
405	0
480	0
354	0
303	1
305	0
159	0
43	0
938	0
331	0
335	0
705	0
345	0
988	0
619	0
29	1
220	0
594	0
75	0
508	0
922	0
823	0
579	0
179	0
336	0
11	0
342	0
182	1
847	0
55	0
687	1
197	0
737	0
197	0
847	0
562	0
33	1
846	0
412	0
805	0
330	0
27	1
198	1
319	0
583	0
291	0
170	0
378	0
89	0
58	0
244	0
938	0
1	1
195	0
19	0
566	0
861	0
47	0
242	0
874	0
112	0
416	0
411	0
517	0
844	0
917	0
565	0
294	0
579	0
211	0
775	0
49	1
749	0
806	0
340	0
419	0
328	0
472	0
885	0
461	0
866	0
753	0
215	0
541	0
241	0
11	0
601	0
937	0
335	0
554	0
86	0
239	1
175	1
541	0
449	0
11	1
106	0
4	0
15	0
702	0
876	0
29	0
719	0
292	0
371	0
162	0
326	0
855	0
107	1
284	0
533	0
380	0
879	0
281	0
101	0
348	0
232	0
255	0
637	0
170	0
38	0
28	1
24	0
770	0
692	0
549	0
861	0
395	0
49	1
701	0
24	0
716	0
253	0
421	0
189	0
21	0
712	0
988	0
206	0
893	0
561	0
205	1
237	0
899	0
482	0
92	1
0	0
296	1
223	1
329	0
870	0
637	0
648	0
878	0
940	0
829	0
733	1
136	0
30	0
222	0
771	0
1	0
289	0
246	0
303	1
16	0
142	0
666	0
824	0
550	0
983	0
375	0
510	0
445	0
247	0
854	0
894	0
440	0
437	1
871	0
65	0
124	0
489	0
155	0
346	0
268	0
268	0
441	0
523	0
143	0
539	0
154	0
539	0
60	0
99	0
563	0
150	0
378	0
28	1
289	0
227	0
175	0
692	0
573	0
734	0
792	0
649	0
267	0
256	1
630	0
780	0
711	0
195	1
236	0
1	0
644	0
570	0
545	0
320	1
328	0
435	0
246	0
900	0
839	0
217	0
299	0
208	0
433	0
246	0
598	0
858	0
931	0
419	0
214	0
92	0
300	0
777	1
240	1
114	0
178	0
629	0
120	0
153	0
311	1
660	0
867	0
90	0
92	0
748	0
340	0
672	0
375	1
124	0
491	0
553	0
395	0
304	0
426	0
243	0
119	0
307	0
890	0
329	0
352	0
41	0
171	0
56	0
109	0
236	0
484	1
328	0
229	0
293	1
552	0
143	0
82	0
0	1
252	0
771	0
327	0
180	0
685	0
107	1
627	0
90	0
255	0
414	0
157	0
192	0
325	0
204	0
663	0
207	0
192	0
732	0
4	0
239	0
236	0
112	0
18	0
677	0
824	0
808	0
919	0
643	0
139	0
178	0
534	0
30	0
323	0
734	0
355	0
164	0
216	0
896	0
210	0
195	0
385	0
579	0
945	0
89	1
771	0
272	0
298	0
50	1
523	0
80	1
551	0
98	0
121	0
288	0
383	0
111	0
348	0
924	0
748	0
241	1
562	0
852	0
33	0
184	0
488	0
491	0
674	0
317	0
253	0
747	0
533	0
838	0
545	0
184	0
452	0
100	0
409	0
311	1
582	0
658	0
31	1
225	0
860	0
10	0
356	0
12	1
568	0
249	0
432	0
262	0
79	0
228	0
635	0
970	0
301	0
196	0
503	0
873	0
468	0
425	0
27	1
549	0
284	0
452	1
477	0
146	0
813	0
458	0
258	0
982	0
391	0
17	0
78	1
349	0
440	0
374	0
136	0
448	0
474	0
959	0
579	0
249	0
499	0
171	0
543	0
603	0
260	0
560	0
962	0
683	0
320	0
84	0
91	0
705	0
218	0
874	0
77	0
117	0
779	0
255	0
349	0
418	0
669	0
73	0
50	1
412	0
274	1
164	0
8	0
249	1
49	0
766	0
157	1
745	0
659	0
177	0
216	1
161	0
529	0
774	0
654	0
531	0
437	1
135	0
712	0
177	0
661	0
88	0
694	0
271	0
827	0
180	0
229	0
661	0
219	0
528	0
507	0
299	0
515	0
223	0
159	0
277	0
690	0
339	0
191	0
222	0
49	0
415	0
664	0
638	1
369	0
80	0
660	0
306	0
121	1
191	0
947	0
377	0
119	0
673	0
158	1
481	0
620	0
178	0
55	0
70	0
268	1
217	1
983	0
156	0
887	0
843	0
308	0
234	0
383	1
670	0
218	0
41	0
24	0
201	1
275	0
726	0
878	0
738	0
75	0
836	0
68	0
830	0
295	0
279	0
463	0
675	0
465	0
461	0
694	0
940	0
9	0
499	0
7	0
372	0
454	0
94	0
23	0
88	1
211	0
318	1
74	0
907	0
9	0
129	0
341	1
334	0
428	0
471	0
248	0
377	0
715	0
118	0
99	1
4	1
692	0
251	0
299	0
78	0
944	0
785	0
363	0
399	0
557	0
356	1
187	0
365	0
236	0
479	0
383	0
237	0
175	0
169	0
283	1
578	0
630	0
435	0
291	1
354	0
49	0
424	0
7	0
562	0
113	1
148	0
99	1
251	1
276	1
451	0
37	0
920	0
206	0
98	0
92	0
249	0
109	0
984	0
741	0
705	0
363	1
244	1
39	1
207	0
499	0
245	0
30	0
271	0
379	0
848	0
927	0
56	0
95	0
571	0
220	1
635	1
453	0
740	0
945	0
882	0
873	0
857	0
219	0
461	1
134	0
512	0
337	1
721	0
571	0
324	1
675	0
533	0
705	0
224	0
486	0
789	0
196	0
811	0
147	0
47	1
278	1
77	0
119	0
279	0
310	0
609	0
98	0
450	0
450	0
267	0
303	0
225	1
126	1
610	1
895	0
119	0
770	0
790	0
86	0
296	0
843	0
344	1
369	0
652	0
95	0
23	0
704	0
764	0
194	0
336	0
617	0
385	0
53	0
322	0
423	0
580	0
606	0
210	0
303	0
301	0
332	0
125	0
160	0
506	0
399	0
105	0
725	0
689	0
289	0
323	0
730	0
326	1
92	1
725	0
587	1
443	0
196	0
166	0
781	0
576	1
283	0
122	1
430	0
310	0
791	0
299	0
329	1
162	0
55	1
410	0
470	0
213	1
96	0
478	0
42	0
355	0
221	0
89	0
799	0
598	0
300	0
42	0
425	0
475	0
792	0
75	1
221	0
355	0
97	0
608	0
420	0
75	0
385	0
308	0
412	0
3	1
363	0
613	0
174	0
933	0
889	0
712	0
714	0
439	0
511	0
328	0
486	0
495	0
740	0
336	0
380	0
434	0
42	1
87	0
195	0
389	0
37	0
643	0
123	1
416	1
244	0
24	0
340	0
225	0
593	0
370	0
607	0
62	1
206	0
217	0
48	0
13	0
752	0
310	0
0	0
6	0
247	0
105	0
53	0
136	0
611	0
76	0
99	0
697	0
167	1
45	1
576	0
643	0
170	0
173	1
4	1
907	0
18	0
33	0
566	0
907	0
585	0
196	0
342	0
887	0
575	0
82	1
214	0
277	0
548	0
559	0
114	0
376	1
123	0
352	0
64	0
169	0
246	1
959	0
412	0
658	0
562	0
388	0
14	0
36	0
494	0
61	0
714	0
735	0
686	0
506	0
35	0
529	0
505	0
14	0
61	0
439	0
608	0
224	0
230	0
61	0
82	0
50	0
145	0
505	0
865	0
312	0
490	0
367	1
342	0
609	0
348	0
629	0
232	0
146	1
489	0
470	0
91	1
165	0
142	0
79	0
677	0
139	0
146	0
901	0
395	1
20	0
106	0
201	0
76	0
649	0
334	0
970	0
92	1
947	0
329	0
592	0
726	0
151	0
935	0
723	0
147	0
820	0
238	1
456	0
638	1
239	0
139	0
794	0
633	0
331	0
450	0
620	0
933	0
7	0
196	0
56	0
397	0
680	1
0	0
931	0
242	0
247	0
12	0
69	0
318	0
709	0
565	0
491	0
126	1
317	1
158	0
811	0
84	0
823	0
898	0
210	1
240	1
49	0
155	1
695	0
791	0
818	0
940	0
376	1
89	0
88	0
137	0
166	0
913	0
351	0
592	0
548	0
414	0
417	0
794	0
240	0
688	0
328	0
5	0
535	0
9	0
682	0
251	0
178	0
662	0
234	0
501	1
753	0
236	0
93	0
112	0
151	0
207	0
10	0
76	0
855	0
728	0
845	0
233	0
276	0
71	1
196	0
744	0
68	0
424	0
806	0
418	0
920	0
744	0
21	0
138	0
157	0
207	0
284	0
537	0
846	0
301	1
808	0
730	0
988	0
891	0
38	0
585	0
130	1
40	0
648	0
495	0
189	1
120	0
914	0
704	0
69	0
580	0
138	0
466	0
130	1
509	0
320	0
414	0
114	0
130	0
584	0
736	0
356	0
60	1
22	0
162	0
155	1
649	0
733	0
168	0
647	0
208	0
80	0
242	0
855	0
640	0
109	0
575	0
590	0
172	0
988	0
280	0
192	1
275	0
737	0
235	0
262	0
493	0
940	0
807	0
367	0
257	1
69	1
869	1
332	0
198	0
883	0
170	0
17	0
456	0
849	0
682	0
185	1
880	0
214	0
30	0
128	0
529	0
283	0
545	1
504	0
835	0
717	0
436	0
763	0
136	0
730	0
624	0
102	0
162	0
938	0
515	0
670	0
39	0
220	0
199	0
636	0
107	0
43	0
625	0
49	1
29	0
171	0
413	0
746	0
449	1
725	0
275	1
888	0
391	0
673	0
447	0
373	0
244	0
147	0
794	0
336	0
92	0
360	0
85	0
632	1
978	0
35	1
700	0
292	0
802	0
306	0
840	0
87	0
192	1
187	0
514	0
143	0
465	0
540	0
51	0
615	0
435	0
398	1
167	0
369	0
218	0
371	1
87	1
458	0
182	1
196	0
257	0
601	0
783	0
548	0
360	0
366	0
469	0
102	0
84	0
410	1
299	0
688	0
993	0
425	0
468	0
446	0
177	0
546	1
837	0
87	0
960	0
336	0
220	0
150	0
469	0
223	0
37	0
488	0
88	0
177	1
236	0
427	0
8	1
165	0
138	0
282	0
370	1
467	0
409	0
968	0
198	0
219	1
100	0
987	0
855	0
228	0
87	1
962	0
31	0
790	0
379	0
221	0
302	0
142	1
460	0
159	0
197	0
156	0
615	0
183	0
883	0
768	0
143	1
731	0
775	0
746	0
824	0
721	0
159	0
306	0
148	0
453	0
517	0
410	0
207	0
868	0
807	0
117	1
217	0
231	0
894	0
7	1
223	0
898	0
351	0
554	0
217	0
830	0
479	0
379	0
681	0
347	1
68	1
336	0
172	0
401	0
718	0
265	0
438	0
128	0
125	0
53	0
112	0
5	0
657	0
109	0
109	0
807	0
103	0
112	0
173	0
781	0
391	0
408	0
636	1
199	1
307	0
582	1
918	0
50	1
483	0
3	0
301	0
176	0
330	0
112	0
727	0
880	0
76	0
29	0
280	0
291	0
815	0
218	1
654	0
189	0
549	0
188	0
7	0
708	0
577	0
194	0
52	0
382	0
857	0
648	0
705	0
83	1
830	0
787	0
273	0
608	0
51	0
27	0
22	0
798	0
154	0
960	0
319	0
956	0
627	0
234	0
522	1
91	0
223	0
153	1
540	0
145	0
505	0
653	0
504	0
587	0
612	0
658	0
83	0
504	0
72	0
668	0
609	0
280	0
132	0
34	0
98	0
469	0
370	0
32	0
170	0
838	0
128	0
964	0
139	0
133	0
489	0
416	0
4	1
918	0
343	0
587	0
573	0
88	0
209	0
923	0
531	0
210	0
777	0
877	0
618	0
994	0
35	0
243	0
498	0
901	0
559	0
859	1
94	1
368	0
474	0
541	0
465	0
402	0
150	1
677	0
361	1
880	0
177	0
316	0
182	0
772	0
614	0
938	0
984	0
83	0
87	1
366	1
364	0
329	0
304	0
745	0
260	0
304	0
211	0
210	1
425	0
634	0
833	0
600	0
765	0
551	0
391	0
863	0
921	0
515	0
386	0
839	0
232	0
408	0
620	0
43	0
154	1
617	0
81	0
341	0
558	0
444	0
2	1
34	0
420	0
229	0
542	0
624	0
919	0
676	0
82	0
723	0
698	0
440	0
381	0
91	1
345	0
639	0
196	0
889	0
345	0
974	0
861	0
988	0
831	0
341	0
513	0
199	0
168	0
135	0
123	0
517	0
232	0
326	0
796	0
544	0
598	0
411	0
618	0
966	0
23	1
976	0
507	0
719	0
13	1
482	0
464	0
716	0
423	0
573	1
23	0
991	0
474	0
448	0
259	0
179	0
376	0
218	1
695	0
195	0
402	0
650	0
364	0
195	0
321	0
758	0
102	0
295	0
19	0
87	0
101	1
320	0
660	0
306	0
800	0
679	0
160	1
563	0
301	0
437	0
175	0
328	1
8	0
126	1
448	1
229	0
522	0
640	0
919	0
488	0
471	0
745	0
254	1
953	0
413	0
559	0
187	0
75	0
105	0
285	0
645	0
582	0
507	0
669	0
279	0
836	0
290	0
13	1
99	0
192	0
593	0
179	1
752	0
488	0
716	0
502	0
620	0
529	0
343	0
263	0
233	0
531	0
795	0
871	0
205	0
225	0
602	0
340	0
269	0
288	0
368	0
536	1
383	0
519	0
59	1
4	0
461	0
21	1
96	0
54	0
741	0
514	0
348	0
857	0
501	0
244	1
629	0
402	0
914	0
691	0
697	0
192	0
485	0
964	0
439	0
8	0
70	0
110	1
732	0
568	0
258	0
940	0
769	0
150	0
134	0
185	0
358	0
159	1
95	1
43	0
619	0
56	0
427	0
576	0
429	0
11	0
838	0
14	0
310	0
58	0
150	1
421	1
587	0
505	0
393	0
13	0
729	0
217	0
155	0
298	0
424	0
210	1
308	0
381	0
486	0
561	0
605	0
58	0
662	0
0	0
750	0
505	0
165	0
71	0
718	0
353	0
765	0
509	0
513	1
559	0
911	0
215	0
137	0
253	0
553	0
235	0
755	0
281	0
136	0
735	0
798	0
12	1
451	0
373	0
59	0
121	0
988	0
88	0
332	0
162	0
621	1
687	0
979	0
948	0
9	0
676	0
960	0
518	0
457	0
883	0
599	0
549	0
809	0
448	0
337	0
272	0
140	0
97	0
448	0
508	0
498	0
274	0
180	1
382	0
307	0
444	0
65	0
119	1
135	0
865	0
930	0
0	0
62	0
987	0
716	0
988	0
73	0
217	0
621	0
989	0
414	1
901	0
132	0
57	0
86	0
193	0
515	0
73	0
734	0
939	0
420	0
718	0
839	0
53	0
22	0
105	0
134	0
194	0
174	0
236	0
4	1
2	0
12	0
142	0
240	0
100	0
83	0
171	0
66	0
115	0
191	0
129	0
252	0
98	0
722	0
441	0
130	0
716	0
421	1
916	0
4	0
302	1
64	0
536	0
379	0
97	0
578	0
200	0
606	0
207	0
526	0
691	0
371	0
302	0
829	0
112	0
964	0
348	0
609	0
660	0
342	0
199	1
644	0
499	0
402	0
923	0
77	0
222	0
254	1
467	0
282	0
854	0
528	0
166	1
816	0
12	1
647	0
934	0
10	0
105	0
671	0
503	0
176	0
52	0
111	0
809	0
682	0
974	0
458	0
903	0
40	1
4	0
781	0
683	0
458	0
483	0
180	1
299	0
387	0
70	0
44	1
368	0
88	0
117	0
829	0
173	0
863	0
62	0
112	0
278	0
153	1
81	1
640	0
358	0
571	0
399	0
94	0
693	0
604	0
143	0
304	0
19	0
278	0
381	0
224	0
191	0
877	0
730	0
816	0
3	0
636	0
456	0
85	0
430	0
316	1
804	0
50	0
31	0
92	0
196	0
84	0
302	0
730	0
672	0
468	0
871	0
428	0
535	0
335	0
897	0
176	0
314	0
173	1
83	0
152	0
651	0
785	0
395	0
34	0
854	0
438	0
242	0
129	0
330	0
707	0
784	0
241	1
505	0
754	0
573	0
237	0
130	0
777	0
36	0
764	0
52	0
114	0
855	0
109	1
294	0
194	0
67	0
58	0
778	0
127	0
545	1
449	0
958	0
23	0
166	1
502	0
920	0
824	0
174	0
387	0
789	0
703	0
211	0
494	0
305	0
286	0
915	0
8	0
384	0
300	1
731	0
322	0
913	0
654	0
31	0
407	0
980	0
747	0
872	0
274	0
243	0
405	0
137	0
672	0
830	0
339	1
49	1
444	0
194	0
76	0
243	0
908	0
337	0
51	1
639	0
573	0
92	0
75	0
265	0
66	1
523	0
414	0
339	0
202	0
269	0
527	0
580	0
331	0
115	0
353	0
29	0
611	0
88	0
824	0
457	0
507	0
257	0
531	1
30	0
328	0
385	0
950	0
358	0
850	0
379	0
97	0
61	1
46	0
79	0
145	0
740	0
434	1
174	0
113	0
461	0
734	0
109	0
420	0
389	0
908	1
963	0
163	1
210	0
83	0
421	0
232	0
131	0
180	0
595	0
561	0
351	0
157	0
71	0
367	0
121	0
197	0
946	0
872	0
706	0
128	1
402	0
700	0
36	1
616	0
48	1
446	0
59	0
424	0
322	0
118	0
495	0
154	0
534	0
118	0
834	0
105	0
314	0
537	0
277	0
179	0
723	0
120	1
586	1
533	0
40	0
509	0
525	0
83	0
833	0
917	0
249	0
135	0
256	0
550	0
709	0
923	0
456	0
604	0
603	0
46	0
833	0
208	0
140	0
28	0
515	0
36	0
137	1
923	0
988	0
31	0
338	0
570	0
698	0
144	0
243	0
241	0
911	0
354	1
576	0
820	0
765	0
23	1
137	0
551	0
534	0
202	1
870	0
662	0
616	0
599	0
83	0
198	0
911	0
191	0
291	0
93	0
949	0
252	0
339	0
781	0
783	0
854	0
625	0
285	0
21	1
808	0
860	0
2	0
361	0
331	0
281	0
198	0
308	0
692	0
976	0
58	0
504	0
3	0
379	0
343	1
934	0
383	0
487	0
392	0
79	0
280	0
37	1
397	0
0	1
335	0
122	0
578	0
156	0
636	0
175	1
121	0
11	0
399	0
10	0
16	0
0	0
212	0
134	0
711	0
201	1
578	0
1	0
514	0
310	0
425	0
729	0
710	0
66	1
534	0
76	0
708	0
939	0
35	0
74	0
392	0
33	0
107	0
294	0
365	0
982	0
476	0
699	0
730	0
312	0
192	1
384	1
701	0
710	0
130	0
206	0
1	0
738	0
113	0
453	0
154	0
587	0
182	1
451	0
105	1
57	1
531	0
461	0
353	0
544	0
4	0
419	0
660	0
49	0
205	0
401	0
242	1
152	0
873	0
56	0
133	0
2	0
202	1
925	0
277	1
304	0
856	0
72	0
318	0
596	0
114	1
726	0
275	0
245	0
928	0
863	0
351	0
275	0
869	0
231	0
687	0
586	1
951	0
125	0
772	0
445	1
302	0
654	0
517	0
630	0
31	0
535	0
210	0
509	0
335	0
1	0
33	0
553	0
729	0
219	0
78	1
695	0
594	0
739	0
26	1
11	0
670	0
138	0
639	0
221	0
62	1
574	0
26	0
574	0
942	0
24	1
512	0
844	0
919	0
251	0
807	0
94	0
377	0
67	1
895	0
473	0
421	0
615	0
461	0
445	0
718	0
417	0
319	0
214	0
42	0
722	0
285	0
210	0
540	0
197	0
41	1
15	0
903	0
496	1
407	0
147	0
455	0
404	1
50	1
177	0
296	0
33	0
714	0
26	1
6	0
604	0
13	0
306	1
600	0
475	0
108	0
626	0
522	0
55	0
575	0
553	0
536	0
275	1
169	0
242	0
217	0
240	0
759	0
22	0
585	0
951	0
234	0
556	0
527	0
874	0
36	0
756	0
805	0
728	0
72	0
297	1
727	0
639	0
575	0
533	0
994	0
641	0
20	0
540	0
294	0
908	0
380	0
389	1
271	0
418	0
74	0
143	0
899	0
50	0
899	0
93	0
568	0
496	0
19	0
317	0
443	0
86	0
348	0
218	0
68	0
977	0
400	0
798	0
882	0
142	0
651	0
497	0
212	0
286	0
159	0
265	0
243	0
694	0
384	1
114	0
355	0
764	0
655	0
164	0
287	0
327	0
385	0
599	0
943	0
545	0
11	0
564	0
777	0
976	0
86	0
722	0
463	0
707	0
116	0
197	0
24	1
398	0
639	0
954	0
547	0
806	0
783	0
275	0
53	1
230	0
419	1
297	0
378	1
260	0
116	0
528	0
2	1
387	0
116	0
255	1
508	1
544	0
332	0
628	0
956	0
17	0
791	0
546	0
489	0
664	0
638	0
812	0
73	1
166	0
225	1
581	0
279	0
904	0
410	1
436	0
868	0
653	0
468	1
597	0
867	0
317	0
634	0
200	1
78	1
326	0
696	0
297	0
131	1
114	0
662	0
71	0
159	0
362	0
4	0
139	0
800	0
824	0
154	0
674	0
887	0
203	0
25	0
703	0
84	0
350	0
499	0
376	0
76	0
820	0
297	0
333	0
187	0
67	0
16	0
69	1
374	1
63	1
443	1
119	0
407	0
248	0
331	0
460	0
669	0
36	0
93	0
457	0
965	0
825	0
12	1
735	0
249	0
510	0
101	0
177	0
208	0
693	0
82	0
518	0
82	0
299	0
617	0
219	0
725	0
35	0
666	0
212	0
652	0
363	0
143	0
856	0
942	0
203	0
119	1
426	0
427	0
92	0
411	0
180	0
2	0
189	0
73	0
204	0
149	0
106	1
348	0
9	0
43	0
167	1
544	1
189	0
769	0
48	0
680	1
697	0
839	0
466	1
241	0
910	0
222	0
156	0
251	1
433	0
278	0
357	0
215	0
980	0
713	0
368	1
711	0
209	1
788	0
688	0
473	0
664	0
387	0
147	0
800	0
498	0
969	0
99	1
111	0
516	0
315	0
325	1
348	0
410	0
228	0
552	0
104	1
201	0
419	0
829	0
37	0
299	0
533	0
580	0
738	0
987	0
328	0
12	0
315	0
184	0
6	0
635	0
630	0
931	0
245	0
570	1
233	0
448	0
418	0
60	0
209	0
41	0
309	0
66	0
508	0
534	0
72	0
259	0
981	0
261	0
76	0
396	0
649	0
316	0
509	0
946	0
176	1
377	0
618	0
377	0
551	0
28	0
468	0
205	1
38	0
730	0
492	0
515	0
565	0
460	0
528	0
929	0
341	0
368	0
992	0
870	0
134	0
471	0
604	0
972	0
146	0
255	0
39	0
553	0
335	0
701	0
67	0
611	0
314	0
755	0
129	0
40	1
308	0
44	1
95	0
344	1
119	0
754	0
5	0
613	0
4	0
265	0
794	0
211	0
877	0
717	0
30	1
318	1
734	0
47	0
257	1
386	0
270	1
451	0
12	0
651	0
745	0
562	0
227	0
176	0
54	0
174	0
576	0
92	0
94	0
143	0
101	0
7	1
187	0
302	0
213	0
778	0
596	0
698	0
875	0
2	0
62	0
107	0
87	1
751	0
569	0
17	1
971	0
308	0
793	0
831	0
465	0
672	0
235	0
36	0
416	0
254	0
33	1
69	0
225	0
162	0
263	0
706	0
173	1
620	0
901	0
83	0
185	0
695	0
108	0
907	0
197	0
753	0
785	0
160	0
141	0
673	1
573	0
54	0
957	0
142	0
45	0
341	0
470	0
448	0
88	0
663	0
99	0
174	0
52	0
199	0
353	0
288	0
772	0
67	0
120	0
898	0
226	0
751	0
75	0
258	0
176	1
158	1
118	0
95	0
617	0
173	0
73	0
263	0
481	0
415	0
17	1
352	0
346	0
289	0
139	0
845	0
491	0
799	0
492	0
217	0
252	0
50	1
974	0
417	0
83	1
634	0
615	0
26	0
177	0
215	0
667	0
128	0
363	0
881	0
260	0
369	0
778	0
647	0
427	0
446	1
882	0
366	0
292	1
855	0
890	0
576	0
480	0
221	0
184	1
155	0
256	0
467	0
166	0
363	0
464	0
206	0
112	0
476	0
10	1
210	0
66	0
414	0
340	0
570	0
806	0
762	0
674	0
926	0
59	0
53	0
650	0
207	1
109	1
165	0
485	0
530	0
372	0
637	0
46	0
260	0
434	0
663	0
683	0
59	0
1	0
350	0
530	0
474	0
458	0
356	0
842	0
261	0
917	0
531	0
298	1
13	0
473	0
285	0
617	0
179	0
342	0
217	1
548	0
517	0
86	0
500	0
748	0
776	0
586	0
898	0
101	0
865	0
136	0
441	0
384	0
210	0
107	0
439	0
58	0
489	0
426	0
7	1
290	0
80	0
180	0
701	0
299	0
285	0
311	0
185	0
430	0
442	0
778	0
498	0
833	0
760	0
538	0
4	0
208	0
553	0
217	0
962	0
333	0
532	0
31	1
518	0
98	0
60	1
232	0
268	0
460	0
26	0
796	0
29	0
17	0
413	0
298	0
49	0
891	0
150	0
712	0
662	0
340	0
276	0
406	0
173	1
562	0
138	1
86	0
528	0
650	0
358	0
69	0
754	0
481	0
552	0
565	0
136	0
620	0
396	1
472	0
614	0
49	0
277	0
852	0
176	0
737	0
548	0
54	1
961	0
418	0
189	0
480	0
963	0
503	0
579	0
210	0
477	0
610	0
688	0
328	1
446	0
743	0
731	0
963	0
244	1
725	0
193	0
347	0
111	0
365	0
296	0
861	0
47	0
207	1
295	0
181	0
134	0
60	0
264	0
249	0
951	0
671	0
162	0
69	0
411	0
390	0
58	1
263	0
129	0
594	0
459	0
799	0
331	0
348	0
471	0
446	1
149	0
150	0
423	0
343	0
492	0
311	0
580	0
409	1
200	1
497	0
143	0
116	0
235	1
893	0
115	0
19	0
787	0
242	1
305	0
805	0
588	0
520	1
950	0
522	0
293	1
90	0
191	0
385	0
640	0
131	1
390	0
453	0
520	0
514	0
235	0
237	0
64	0
519	0
986	0
12	0
219	0
55	0
583	0
960	0
224	0
728	0
51	0
290	0
207	0
183	0
476	0
607	0
240	0
92	1
539	0
64	0
663	0
343	0
117	0
85	1
11	0
406	0
151	0
545	1
451	0
993	0
180	0
710	0
914	0
469	0
2	0
475	0
258	1
452	0
862	0
577	0
755	0
121	0
455	1
5	0
803	0
118	0
515	0
349	1
33	0
298	0
701	0
45	0
126	1
150	0
924	0
153	0
275	0
496	0
600	0
873	0
116	0
559	0
458	0
37	0
777	0
543	0
175	0
407	0
438	0
673	0
100	1
265	0
343	0
769	0
519	0
664	0
373	0
160	1
207	1
13	1
243	0
277	1
208	0
108	0
677	0
691	0
115	0
709	0
21	1
452	0
501	0
762	0
530	0
325	0
171	0
825	0
165	0
2	0
740	0
588	0
77	0
891	0
126	1
106	0
122	0
261	0
33	0
841	0
14	0
199	0
525	0
15	0
224	0
425	0
900	0
6	0
419	0
75	0
76	1
536	0
130	0
874	0
528	0
813	0
189	0
453	0
785	0
129	0
449	0
219	0
445	0
582	0
776	0
634	0
109	0
641	0
204	1
368	0
87	0
259	0
252	0
132	0
921	0
34	0
219	0
892	0
679	0
93	0
120	0
751	0
158	1
414	1
126	0
149	1
581	0
193	1
674	0
452	0
674	0
110	0
104	0
99	0
241	0
586	0
475	0
318	0
137	0
28	0
422	0
181	0
123	1
304	0
176	0
799	0
63	0
355	0
888	0
544	0
41	0
720	0
113	0
373	0
318	0
106	1
813	0
179	0
712	0
316	0
9	0
865	0
314	0
499	0
376	1
620	0
914	0
272	1
755	0
923	0
11	0
361	0
132	1
965	0
76	0
773	0
220	0
760	0
370	0
730	0
735	0
517	0
415	0
260	0
477	0
825	0
17	0
949	0
644	1
993	0
148	0
673	0
381	0
827	0
273	0
362	0
584	0
28	0
346	0
604	0
143	0
102	0
305	0
240	0
15	0
226	0
4	1
82	0
205	0
366	0
333	0
660	0
865	0
182	0
252	1
125	0
733	0
37	1
895	0
5	0
878	0
836	0
163	0
559	0
31	0
791	0
430	0
276	0
277	0
787	0
278	0
117	1
49	0
95	1
1	0
469	0
902	0
674	0
707	0
648	0
6	0
341	0
792	0
691	0
100	0
58	0
10	0
393	0
654	0
213	0
27	0
388	0
691	0
859	0
395	1
238	1
273	0
757	0
408	1
837	0
27	0
783	0
202	1
526	0
41	1
244	0
859	0
527	0
202	0
225	0
935	0
553	0
13	0
12	0
237	0
46	0
169	1
63	0
104	0
125	0
217	0
972	0
597	0
583	0
325	0
51	1
839	0
334	0
268	0
906	0
692	0
286	0
678	0
150	0
906	0
494	0
198	0
634	0
3	1
8	0
654	0
645	0
450	0
422	0
231	1
473	0
497	0
419	1
388	0
383	0
654	0
69	0
440	0
35	1
221	0
629	0
448	0
40	0
262	0
417	0
390	0
266	1
314	0
221	0
284	0
6	0
46	0
306	1
184	0
328	0
429	0
38	0
273	0
230	0
181	0
177	0
96	0
586	0
764	0
256	1
220	0
171	0
662	0
5	0
517	0
15	0
672	0
142	0
13	0
716	0
896	0
111	0
272	0
530	0
244	0
601	0
398	1
533	0
98	0
241	0
325	0
160	1
206	0
228	0
250	0
670	0
16	0
261	0
481	0
461	0
258	0
437	0
248	0
179	1
264	0
971	0
462	0
94	0
410	0
614	0
610	0
551	0
901	0
278	0
340	1
220	0
769	0
182	0
109	0
490	0
365	0
189	1
32	1
311	1
137	0
231	0
891	0
325	0
16	0
585	0
930	0
64	0
306	0
560	0
440	0
925	0
536	0
265	1
747	0
541	0
486	0
708	0
51	0
291	0
826	0
952	0
168	1
965	0
137	0
658	0
440	0
708	0
143	0
842	0
824	0
53	0
456	0
941	0
974	0
750	0
195	0
509	0
705	0
940	0
84	0
662	0
317	0
536	0
501	0
609	0
93	0
423	0
691	0
812	0
3	1
796	0
698	0
189	0
211	0
720	0
872	0
184	0
536	0
564	0
5	0
241	1
373	0
602	0
368	0
306	1
92	0
876	0
871	0
918	0
354	0
177	0
341	0
954	0
152	0
109	0
454	0
49	0
7	1
507	0
554	0
162	0
472	0
882	0
852	0
400	0
368	0
136	0
73	0
216	1
86	0
288	1
433	1
298	0
179	0
50	0
475	0
662	0
602	0
337	0
538	0
5	0
279	0
579	0
903	0
732	0
66	0
1	0
110	1
959	0
207	0
353	0
692	0
62	0
515	0
546	1
531	0
381	0
400	1
143	0
188	0
599	0
271	0
994	0
746	0
393	0
97	0
524	0
245	0
160	0
81	1
769	0
371	0
125	0
136	0
557	0
468	0
404	0
66	0
713	0
357	0
796	0
72	0
21	0
747	0
240	0
344	0
230	1
101	0
963	0
234	0
56	0
483	0
693	0
284	0
134	0
717	0
235	0
102	0
25	0
369	0
130	0
834	0
967	0
768	0
231	0
296	0
448	0
715	0
317	0
20	0
442	0
791	0
965	0
194	0
199	0
44	1
847	0
554	0
483	0
407	1
579	0
238	0
293	0
394	0
159	0
25	1
662	0
24	1
343	0
38	0
461	0
16	0
763	0
75	0
973	0
910	0
950	0
809	0
423	0
527	1
689	0
578	0
582	0
386	0
613	0
326	1
7	0
524	0
104	0
597	0
83	0
589	0
866	0
389	1
173	1
834	0
19	0
529	0
144	0
529	0
457	0
63	0
436	0
142	0
975	0
286	0
635	0
977	0
372	0
268	0
908	0
682	0
677	0
806	0
157	0
448	0
415	0
680	0
437	0
316	0
931	0
599	0
947	0
516	0
40	1
263	0
514	0
123	0
617	0
162	0
590	0
654	0
774	0
878	0
746	0
154	0
748	0
278	0
761	0
451	0
322	0
313	0
297	1
244	0
567	0
299	1
617	0
628	0
77	1
961	0
936	0
791	0
742	0
654	0
473	0
1	0
52	1
311	0
65	0
207	1
221	0
824	0
155	0
24	1
421	0
154	0
938	0
598	0
300	0
543	0
202	0
877	0
482	0
728	0
933	0
503	0
975	0
542	0
327	0
778	0
27	0
437	0
19	0
716	0
759	0
51	0
35	0
28	0
400	0
72	0
177	0
104	0
56	0
418	0
404	0
416	0
763	0
446	0
630	0
450	0
238	0
24	0
624	0
117	0
975	0
499	0
829	0
904	0
4	0
612	0
536	0
644	0
175	0
139	0
429	0
211	0
905	0
532	0
969	0
809	0
717	0
337	0
498	0
270	0
337	0
505	0
453	0
0	0
648	0
360	0
915	0
407	0
295	0
75	0
134	0
737	0
121	0
674	0
131	0
933	0
425	0
954	0
9	0
843	0
217	0
571	0
965	0
666	0
468	0
632	0
800	0
814	0
619	0
367	0
136	0
867	0
865	0
213	0
952	0
413	0
652	0
506	0
7	0
748	0
664	0
552	0
47	0
882	0
377	0
531	0
812	0
500	0
468	0
365	1
918	0
8	0
262	0
616	0
601	0
839	0
342	0
978	0
379	0
363	0
84	0
185	0
418	0
4	1
466	0
52	0
547	0
398	1
186	0
484	0
627	0
702	0
42	0
288	1
314	1
132	1
39	0
10	0
439	0
280	0
216	0
590	0
904	0
870	0
360	0
819	0
566	0
557	0
17	0
804	0
539	0
927	0
682	0
187	0
343	0
460	0
424	0
380	0
505	0
316	0
630	0
289	0
42	1
59	0
894	0
733	0
435	0
606	0
1	1
335	0
179	0
692	0
43	0
876	0
929	0
162	0
344	1
23	0
249	1
748	0
69	0
144	0
370	1
627	0
341	0
163	0
781	0
282	0
604	0
81	0
214	1
23	1
934	0
99	0
2	1
82	0
162	1
768	0
237	0
195	1
191	1
408	0
266	0
489	0
118	0
78	0
16	0
404	0
355	0
39	0
634	0
412	0
601	0
465	0
834	0
886	0
260	0
677	0
912	0
272	0
318	0
127	0
564	0
551	0
241	0
777	0
113	0
641	1
321	0
890	0
562	0
551	0
616	0
946	0
550	0
246	0
681	0
146	0
377	0
370	0
824	0
210	0
877	0
346	0
620	0
239	0
590	0
561	0
826	0
49	0
773	0
629	0
660	0
173	0
17	0
48	0
604	0
540	0
645	0
667	0
24	0
52	0
505	0
592	0
223	0
798	0
948	0
924	0
863	0
756	0
530	0
454	0
792	0
710	0
176	0
552	0
277	0
102	0
424	0
918	0
536	0
125	0
554	0
890	0
716	0
801	0
686	0
698	0
0	1
94	0
830	0
155	0
845	0
222	0
804	0
383	0
483	0
272	0
106	0
152	0
253	0
863	0
516	0
920	0
40	0
679	0
475	0
620	0
695	0
732	0
484	0
253	0
458	0
270	0
795	0
864	0
718	0
684	0
781	0
781	0
157	0
643	0
843	0
518	0
936	0
484	0
794	0
413	0
662	0
354	0
746	0
217	0
58	0
817	0
279	0
822	0
33	0
519	0
636	0
628	0
568	0
374	0
282	0
935	0
223	0
387	0
109	0
159	0
591	0
711	0
528	0
528	0
320	0
11	0
177	1
183	0
906	0
255	0
918	0
793	0
855	0
152	1
39	0
386	0
753	0
283	0
343	1
362	0
79	0
347	0
653	0
0	1
189	0
785	0
343	1
571	0
677	0
80	0
128	0
599	0
392	0
6	1
247	0
302	1
209	0
447	0
483	1
7	1
74	0
596	0
179	0
416	0
3	1
212	0
383	0
345	0
22	0
831	0
277	0
32	1
770	0
73	0
21	0
93	1
894	0
407	0
109	0
273	1
249	0
770	0
529	0
583	0
900	0
733	0
333	0
315	0
696	0
576	0
557	0
293	0
408	0
170	0
180	0
505	0
51	0
480	0
464	0
113	0
133	0
301	1
332	0
775	0
703	0
462	0
316	0
892	0
580	0
302	0
123	0
464	0
26	0
797	0
710	0
843	0
90	0
613	0
876	0
848	0
339	0
870	0
190	0
15	0
319	1
632	0
389	0
861	0
242	0
163	0
448	0
147	0
174	0
601	0
482	0
165	0
882	0
86	0
313	0
872	0
364	0
296	0
140	0
20	0
23	0
342	0
546	0
475	0
703	0
888	0
41	0
865	0
450	0
739	0
402	0
104	0
228	0
772	0
587	0
710	0
819	0
399	0
371	0
742	0
147	0
904	0
475	0
893	0
469	0
564	0
188	0
491	0
579	0
507	0
682	0
96	0
326	0
173	0
379	0
276	0
725	0
66	0
488	0
497	0
430	0
765	0
223	0
501	0
770	0
493	0
470	0
608	0
498	0
612	0
44	1
152	0
213	0
523	0
600	0
192	0
81	0
452	0
458	0
418	0
625	0
280	0
4	1
500	0
191	0
39	0
67	1
186	0
520	0
78	0
159	0
767	0
216	0
24	0
628	0
257	1
702	0
781	0
515	0
477	0
728	0
240	1
388	0
444	0
168	0
318	0
171	0
132	0
182	0
537	0
430	0
688	0
787	0
0	1
728	0
734	0
172	0
290	0
390	0
220	0
235	0
720	0
102	0
386	0
706	0
867	0
728	0
220	0
441	0
453	0
196	0
461	0
63	1
792	0
644	0
815	0
723	0
75	0
622	0
247	0
659	0
645	0
846	0
689	0
461	0
440	0
783	0
169	0
155	0
34	1
76	0
659	0
194	0
168	0
245	0
386	0
14	0
550	0
435	0
203	0
245	0
602	0
501	0
70	1
65	0
291	0
580	0
409	0
308	0
596	0
602	0
473	0
448	0
792	0
698	0
609	0
480	0
282	0
17	0
593	0
468	0
871	0
321	0
699	0
507	0
126	0
136	0
836	0
579	0
821	0
143	0
688	0
110	0
506	0
340	0
100	1
247	0
42	1
345	0
21	1
370	0
586	0
479	0
683	0
549	0
332	0
428	0
787	0
493	0
77	0
75	0
687	0
870	0
847	0
596	0
388	0
473	0
526	0
871	0
101	0
92	0
609	0
823	0
791	0
735	0
791	0
812	0
340	0
243	0
850	1
679	1
503	0
879	0
6	1
206	0
766	0
486	0
246	0
700	0
362	0
466	0
616	0
591	0
314	0
330	0
607	1
285	0
303	0
80	1
481	0
152	1
225	0
229	0
315	0
23	1
420	0
58	0
642	0
275	0
691	0
121	0
200	0
441	0
540	0
286	0
783	0
720	0
110	1
80	0
641	0
248	0
293	0
669	0
321	0
277	0
779	0
51	0
362	1
99	1
194	0
116	0
774	0
677	0
91	0
1	0
170	0
515	0
689	0
60	0
653	0
704	0
44	0
387	0
847	0
240	1
375	0
216	0
328	0
396	0
371	0
593	0
854	0
74	0
268	0
521	0
749	0
675	0
189	0
230	1
377	0
19	0
318	0
157	1
799	0
799	0
745	0
244	0
222	0
229	0
355	0
5	1
539	0
84	0
462	0
691	0
697	0
792	0
215	0
269	0
602	0
57	1
690	0
804	0
518	0
194	0
43	0
69	0
292	0
702	0
126	0
840	0
616	0
291	0
0	1
758	0
657	0
63	0
33	0
499	0
93	1
174	0
282	0
41	0
515	0
594	0
504	0
332	0
129	1
604	0
374	0
514	0
320	0
315	0
130	0
735	0
472	0
488	0
300	0
696	0
54	0
481	0
254	0
619	0
683	0
557	0
148	0
73	0
774	0
438	0
50	0
643	0
746	0
360	0
6	0
241	0
799	0
703	0
238	0
550	0
59	0
774	0
229	0
23	0
310	0
158	0
241	0
154	0
202	0
749	0
267	0
187	0
800	0
54	1
236	0
701	0
804	0
549	0
113	0
318	0
46	1
56	0
400	0
63	0
412	0
469	0
285	0
618	0
717	0
320	0
113	0
5	0
393	0
460	0
342	0
321	0
348	0
426	1
586	0
147	0
642	0
462	0
293	0
788	0
3	0
66	0
275	0
234	0
643	0
339	0
355	1
406	0
41	1
801	0
547	0
115	0
308	0
548	0
301	0
694	0
320	0
580	0
257	0
119	1
172	0
638	0
767	0
11	0
680	0
245	0
790	0
15	0
448	0
454	0
641	0
718	0
763	0
335	0
621	0
172	0
85	1
345	0
0	1
131	0
540	0
248	0
525	0
546	0
683	0
477	0
222	0
783	0
334	0
252	1
297	1
377	0
444	0
650	0
320	0
268	0
49	1
91	0
477	0
146	0
282	0
627	0
32	0
532	0
646	0
196	0
327	0
508	0
623	0
581	0
506	0
408	0
345	0
80	0
8	0
194	0
305	0
0	0
318	0
709	0
40	0
345	0
22	0
678	0
414	0
220	0
25	0
245	0
584	0
327	0
30	0
639	0
734	0
133	0
667	0
138	0
103	0
483	0
79	1
806	0
548	0
104	0
480	0
305	0
165	0
554	0
551	0
311	0
504	0
209	0
282	0
410	0
97	0
633	0
591	0
101	0
90	0
110	0
461	0
252	0
462	0
232	0
172	0
234	0
217	0
459	0
435	0
160	0
135	0
329	0
458	0
270	0
237	0
490	0
404	0
785	0
702	0
159	0
152	0
750	0
111	0
119	0
430	0
666	0
272	0
535	1
473	0
727	0
356	0
753	0
382	0
736	0
496	0
322	0
4	0
549	0
668	0
447	1
1	1
434	0
464	0
535	0
576	0
115	0
15	0
537	0
8	1
172	0
258	0
696	0
192	0
303	0
560	0
409	0
382	0
553	0
262	0
91	0
598	0
178	0
181	0
211	0
54	0
290	0
803	0
174	0
251	0
547	0
98	0
520	0
406	0
307	0
351	0
710	0
485	0
643	0
559	0
148	0
339	0
125	0
458	0
435	0
331	0
5	0
340	0
472	0
79	0
720	0
155	0
369	0
647	0
791	0
777	0
739	0
182	0
126	0
1	0
267	0
551	0
485	0
305	0
140	0
141	0
663	0
67	0
52	1
60	1
247	0
417	0
515	1
395	0
114	0
546	0
722	0
552	0
211	0
642	0
574	0
654	0
33	0
722	0
131	0
328	1
426	0
674	0
34	0
113	0
531	0
69	0
572	0
107	0
88	0
290	0
510	0
756	0
348	0
616	0
625	0
207	0
380	0
90	0
19	0
626	0
167	0
55	0
182	0
222	0
560	0
313	0
447	0
767	0
721	0
425	0
353	0
83	0
191	0
435	0
750	0
300	0
379	0
392	0
603	0
30	0
719	0
306	0
415	0
558	0
101	0
750	0
539	0
560	0
645	1
512	0
128	0
355	0
278	0
212	0
2	0
2	1
366	0
284	0
373	0
75	0
769	0
528	0
481	0
83	0
305	0
431	0
2	1
128	0
395	0
703	0
401	0
543	0
175	0
589	0
734	0
107	0
43	1
654	0
769	0
228	0
132	0
299	0
430	0
672	0
688	0
391	0
675	0
500	0
140	0
311	0
319	0
175	0
695	0
631	0
360	0
84	0
134	0
749	0
771	0
612	0
335	0
351	0
217	0
705	0
708	0
527	0
269	0
464	0
571	0
289	0
596	0
368	0
332	0
723	0
554	0
582	0
483	0
348	0
216	0
215	0
634	0
211	0
339	0
144	0
102	1
488	0
256	0
342	0
177	0
174	0
402	1
94	0
564	0
160	0
331	0
384	0
587	0
136	0
615	0
149	0
127	0
494	0
461	0
191	0
73	0
748	0
706	0
269	0
700	0
22	0
74	0
562	0
296	0
656	0
742	0
323	0
652	0
286	0
414	0
700	0
437	0
195	0
224	0
454	0
739	0
340	1
721	0
714	0
726	0
175	0
180	0
503	0
365	0
588	0
360	1
291	0
409	0
10	0
661	0
486	0
736	0
574	0
297	0
423	0
10	0
615	0
298	0
165	0
55	0
40	1
435	0
692	0
191	0
319	0
741	0
331	0
13	0
60	0
558	0
400	0
729	0
693	0
303	0
657	0
209	0
330	1
270	0
331	0
749	0
469	0
479	0
114	0
254	0
153	0
2	1
248	0
328	0
621	0
315	0
262	0
464	0
269	0
761	0
373	0
561	0
341	0
108	0
572	0
143	0
83	1
101	0
217	0
717	0
643	0
557	0
270	0
345	0
501	0
759	0
496	0
126	0
8	0
213	0
218	0
570	0
12	1
153	0
34	0
203	0
481	0
474	0
771	0
293	0
635	0
563	0
267	0
356	0
700	0
39	0
216	0
134	0
311	0
383	0
770	0
700	0
564	0
114	0
189	0
234	0
183	1
637	0
363	0
653	0
112	0
88	0
722	0
150	0
60	1
287	0
286	0
493	0
571	0
103	0
302	0
374	0
159	0
315	0
628	0
685	0
44	0
341	0
20	0
539	0
597	0
496	0
317	0
566	0
333	0
16	0
425	0
10	0
154	0
149	1
184	1
211	0
503	0
278	0
11	0
25	0
291	0
62	1
39	0
297	0
14	0
156	0
619	0
86	0
47	1
403	0
285	0
436	0
543	0
63	0
28	1
375	0
89	0
266	0
724	0
23	0
651	0
487	0
472	0
329	0
134	1
546	0
538	0
623	0
111	0
244	0
58	0
86	0
589	0
90	0
461	0
525	0
497	0
631	0
115	0
172	0
151	0
329	0
729	0
695	0
231	0
335	0
166	0
601	0
574	0
618	0
295	0
618	0
646	0
533	0
98	0
499	0
725	0
98	0
382	0
344	0
527	0
338	0
373	0
113	0
496	0
450	0
67	0
507	0
38	0
465	0
216	0
458	0
348	0
127	0
614	0
263	0
672	0
59	0
254	0
75	0
119	0
284	0
119	0
561	0
54	0
271	0
141	0
337	0
233	0
308	0
331	0
104	0
535	0
190	0
46	0
420	0
478	0
328	0
692	0
424	0
160	0
156	0
309	0
131	0
101	0
190	0
23	1
17	0
352	0
455	0
215	0
689	0
208	0
553	0
449	0
326	0
685	0
662	0
666	0
259	0
526	0
483	0
545	0
44	1
360	0
320	0
664	0
34	0
183	1
62	0
141	0
398	0
702	0
449	0
600	0
601	0
723	0
55	0
131	0
702	0
649	0
297	0
447	0
96	0
633	0
341	0
415	0
579	0
349	0
710	0
586	0
620	0
704	0
662	0
684	0
190	0
169	1
143	0
670	0
420	0
473	0
247	0
386	0
538	0
62	0
222	0
227	1
710	0
674	0
459	0
439	0
614	0
527	0
732	0
120	0
216	0
634	0
12	0
129	0
61	0
508	0
4	0
593	0
615	0
463	0
387	0
573	0
455	0
462	0
727	0
210	0
576	0
395	0
408	0
283	0
181	0
673	0
46	0
600	0
354	0
120	0
534	0
239	0
699	0
131	0
382	0
159	0
145	0
455	0
699	0
420	0
72	0
563	1
658	0
432	0
375	1
319	0
257	0
12	1
109	0
83	1
701	0
613	0
2	1
482	0
344	0
515	0
382	0
712	0
570	0
489	0
603	0
75	0
579	0
260	0
406	0
12	0
515	0
621	0
273	0
540	0
239	0
692	0
464	0
552	0
600	0
410	0
303	0
709	0
180	0
239	0
169	0
34	0
600	0
222	1
78	0
144	0
535	0
161	0
587	0
504	0
586	0
647	0
684	0
658	0
90	0
139	0
663	0
548	0
495	0
377	0
480	0
289	0
283	0
269	0
586	0
290	0
715	0
318	0
267	0
4	0
598	0
703	0
290	0
2	0
390	0
627	0
180	0
100	0
723	0
480	0
507	0
451	0
10	0
320	0
119	0
667	0
192	0
79	0
517	0
681	0
478	0
303	0
0	0
4	1
32	0
246	0
667	0
263	0
211	0
114	0
133	0
463	0
249	0
82	1
333	0
314	0
237	0
655	0
0	1
251	0
655	0
508	0
624	0
135	0
85	0
445	0
0	1
159	0
29	0
619	0
74	0
300	0
327	0
193	0
211	0
373	0
561	0
70	0
97	0
23	0
462	0
114	0
117	0
620	0
606	0
3	0
432	0
22	1
6	0
160	0
150	0
598	0
370	0
663	0
284	0
151	0
628	0
650	0
278	0
415	0
225	0
207	0
492	0
628	0
696	0
348	0
441	0
688	0
354	0
315	0
423	0
348	0
63	0
262	0
654	0
216	0
235	0
404	0
426	0
260	0
17	0
455	0
28	1
289	1
611	0
74	1
275	0
658	0
653	0
483	0
351	0
442	0
348	0
665	0
193	0
567	0
593	0
356	0
18	0
508	0
0	1
515	0
402	0
582	0
389	0
388	0
487	0
156	0
652	0
205	0
131	0
604	0
293	0
577	0
110	0
344	0
27	0
144	0
377	0
463	0
479	0
505	0
588	0
662	0
546	0
433	0
208	0
303	0
516	0
233	0
169	0
222	0
388	0
467	0
250	0
696	0
392	0
416	0
153	0
160	1
202	0
376	0
382	1
670	0
604	0
482	0
95	1
566	0
339	0
501	0
252	0
606	0
412	0
450	0
635	0
209	0
335	0
110	0
37	0
624	0
185	0
354	0
366	0
683	0
79	1
162	1
324	0
135	0
546	0
290	0
60	0
183	0
516	0
547	0
531	0
448	0
494	0
224	0
321	0
452	0
349	0
120	0
160	0
226	0
77	0
88	0
592	0
91	0
388	0
151	0
439	0
604	0
191	0
300	0
388	0
461	0
217	0
52	1
515	0
11	0
398	0
208	0
351	0
268	0
186	0
346	0
433	0
273	0
42	0
248	0
17	0
540	0
92	0
316	0
129	0
450	0
473	0
40	0
227	0
403	0
551	0
565	0
495	0
503	0
39	0
61	0
649	0
144	0
67	0
337	0
601	0
643	0
142	0
424	0
584	0
13	0
573	0
497	0
286	0
588	0
93	0
423	0
318	0
666	0
20	1
261	0
263	0
125	0
380	0
146	0
58	1
683	0
665	0
458	0
266	0
445	0
49	0
612	0
29	0
141	1
289	0
160	0
612	0
16	1
215	0
134	0
335	0
273	1
297	0
365	0
109	0
559	0
673	0
376	0
689	0
248	0
240	0
135	0
53	0
576	0
224	0
154	0
502	0
625	0
458	1
2	0
369	0
504	0
68	0
327	0
629	0
596	0
527	0
46	0
444	0
427	0
266	0
327	0
540	0
468	0
54	0
148	0
100	0
333	0
231	1
688	0
635	0
499	0
308	0
203	0
37	0
104	0
198	0
164	0
553	0
367	0
179	0
353	0
370	0
497	0
410	0
20	0
195	0
149	0
135	0
215	0
16	1
555	0
421	0
361	0
60	0
277	1
424	0
503	0
608	0
88	0
132	0
298	0
443	0
479	0
324	0
286	0
95	0
569	0
136	0
359	0
34	0
32	1
443	0
537	0
443	0
219	0
333	0
635	0
59	1
643	0
367	0
157	0
181	0
210	0
490	0
266	0
314	0
91	0
280	0
180	0
149	1
252	0
287	0
590	0
147	0
114	0
368	0
523	0
227	0
601	0
342	0
530	0
509	0
299	1
291	0
217	0
285	0
514	0
207	0
125	0
586	0
21	0
524	0
38	0
504	1
163	0
299	0
486	0
665	0
109	1
82	0
405	0
302	0
1	0
31	1
573	0
449	0
467	0
29	1
297	0
194	0
569	0
152	0
25	0
631	0
447	0
446	0
27	0
338	0
496	0
289	0
236	0
179	0
335	0
152	0
283	0
628	0
194	0
189	0
566	0
12	0
668	0
261	0
154	0
434	0
453	0
78	0
499	0
155	0
312	0
14	1
93	0
146	0
32	1
261	0
300	0
379	0
232	1
60	0
443	0
485	0
136	0
380	0
351	0
543	0
411	0
495	1
429	0
575	0
278	0
146	0
374	0
232	0
52	0
108	0
28	1
647	0
120	0
429	0
400	1
561	0
89	0
20	0
168	0
188	0
235	0
604	0
372	0
371	0
455	0
56	0
13	0
323	0
231	0
72	0
101	0
145	0
334	0
111	0
503	0
577	0
199	0
37	0
156	0
194	0
195	0
389	0
526	0
449	0
134	0
32	0
54	1
314	0
429	0
372	0
682	0
52	0
676	0
379	0
635	0
571	0
142	0
274	0
370	0
429	0
443	1
2	0
602	0
171	0
41	1
601	0
433	0
146	0
63	0
233	1
411	0
527	0
12	0
642	0
50	1
526	1
128	0
122	0
79	0
137	0
681	0
220	0
568	0
591	0
410	1
25	1
62	0
527	0
606	0
5	1
61	1
572	0
24	0
44	0
27	0
192	0
208	0
238	0
119	0
37	0
494	0
304	0
374	1
316	0
367	0
145	0
661	0
236	0
143	1
484	0
188	0
472	0
443	0
499	0
652	0
315	0
649	0
476	0
401	0
397	0
285	0
498	0
202	0
169	0
135	0
431	0
266	0
311	0
349	0
247	0
294	0
519	0
252	0
390	0
387	0
205	0
583	0
2	0
131	0
91	0
481	0
139	1
196	0
5	0
248	0
164	0
509	0
122	0
136	0
653	0
286	0
330	0
268	0
125	1
149	0
596	0
138	0
43	0
621	0
109	0
533	0
396	0
147	0
491	0
283	0
56	0
663	0
32	0
243	0
29	0
305	0
73	1
374	0
378	0
544	0
159	0
232	0
337	0
175	0
479	0
462	0
138	0
157	0
175	0
200	0
198	0
244	0
556	0
454	0
288	0
83	0
522	0
137	1
657	0
401	0
505	0
53	0
489	0
260	0
230	0
247	0
73	0
202	0
597	0
419	0
194	0
438	0
481	0
355	0
477	0
247	0
503	0
422	0
531	0
612	0
390	0
257	0
69	0
388	0
423	0
129	1
449	0
254	0
658	0
176	0
88	0
149	0
378	0
118	0
375	0
196	0
36	1
145	0
277	0
151	1
576	0
193	0
111	0
230	0
224	0
226	0
88	0
338	0
293	0
185	0
597	0
243	0
55	0
121	0
443	0
242	0
513	0
61	0
141	0
581	0
271	0
307	0
657	0
595	0
331	0
47	0
198	0
245	0
158	0
210	0
243	0
649	0
563	0
611	0
18	0
593	0
362	0
569	0
509	0
256	0
510	0
256	0
369	1
61	0
49	0
464	0
510	0
122	0
528	0
224	0
325	0
1	1
1	0
605	0
465	0
527	0
173	0
360	0
52	0
393	0
405	0
638	0
603	0
453	0
523	0
150	0
513	0
13	1
131	0
117	0
183	0
568	0
156	0
225	0
88	0
130	0
591	0
269	0
364	0
184	0
156	0
62	0
153	0
376	0
522	0
497	0
82	0
278	0
539	0
565	0
456	0
117	0
232	0
440	0
477	0
328	1
613	0
402	0
631	0
468	0
618	0
252	0
285	0
547	0
331	0
101	0
424	0
62	0
331	0
79	0
439	1
121	0
520	0
11	0
511	0
164	0
27	1
40	0
101	0
299	0
248	0
187	0
196	0
435	0
562	1
176	0
282	0
243	0
575	0
513	0
137	0
640	0
460	0
493	0
195	0
485	0
488	0
68	1
110	0
461	0
650	0
405	0
185	0
343	0
310	0
488	0
256	0
496	0
352	0
214	0
416	1
118	0
482	0
534	0
520	0
505	0
645	0
46	0
560	0
460	0
51	0
208	0
502	0
41	0
357	0
576	0
141	0
531	0
94	0
142	0
467	0
158	0
27	0
356	0
135	1
88	0
314	0
93	0
635	0
155	0
644	0
136	0
221	0
307	0
227	0
191	1
603	0
12	0
516	0
217	1
525	0
165	0
273	0
409	0
598	0
300	0
386	0
371	0
78	0
283	0
125	0
149	0
181	0
554	0
613	0
615	0
242	0
541	0
420	0
635	0
615	0
603	0
165	0
115	0
477	0
633	0
69	1
626	0
525	0
597	0
105	0
556	0
54	1
291	0
372	0
221	0
141	0
206	0
529	0
508	0
134	0
181	0
505	0
233	0
606	0
367	0
309	0
145	0
253	0
622	0
426	0
253	0
612	0
573	0
54	0
42	0
110	0
449	0
332	0
365	0
259	0
0	0
77	0
504	0
46	0
330	0
485	0
520	0
163	0
150	0
202	0
611	0
201	0
12	0
11	0
188	0
172	0
492	0
354	0
611	0
512	0
422	0
274	0
215	0
566	0
40	0
340	0
514	0
318	0
111	0
321	0
264	0
20	0
359	0
280	0
333	0
248	0
66	0
585	0
336	0
354	0
531	0
80	0
403	0
556	0
217	0
610	0
524	0
586	0
1	0
364	0
391	0
314	0
95	0
262	0
495	0
462	0
265	0
274	0
458	0
507	0
43	0
269	0
529	0
258	0
306	0
172	0
500	0
487	0
213	0
552	0
182	0
285	0
110	0
58	0
529	0
208	0
318	0
533	0
451	0
196	0
337	0
18	0
389	0
165	0
390	0
241	0
400	0
142	0
63	0
7	1
204	0
352	0
263	0
537	0
164	0
228	0
423	0
113	0
282	0
569	0
617	0
572	0
306	0
603	0
48	0
1	0
570	0
381	0
543	0
102	0
122	0
56	0
465	0
593	0
5	0
318	0
560	0
426	0
120	0
40	0
589	0
635	0
16	0
616	0
267	0
583	0
515	0
104	0
518	0
542	0
436	0
243	0
42	0
625	0
409	0
275	0
525	0
65	0
7	0
530	0
17	0
396	0
514	0
286	0
78	0
317	0
257	0
143	0
512	0
407	0
150	0
494	0
113	0
350	0
243	0
30	0
192	0
185	0
558	0
400	0
225	0
498	0
100	0
138	0
632	0
322	0
526	0
402	0
538	0
518	0
210	0
488	0
29	0
12	0
416	0
481	0
60	0
195	0
417	0
186	0
195	0
379	0
41	0
489	0
283	0
434	0
330	0
629	0
603	0
2	1
52	0
569	0
424	0
230	0
529	0
159	0
246	0
498	0
519	0
353	0
127	0
273	0
402	0
102	0
373	0
277	0
70	0
40	0
7	0
474	0
167	0
280	0
352	0
504	0
278	0
256	0
511	0
493	0
27	0
225	1
230	0
166	0
533	0
391	0
25	0
553	0
275	0
141	0
543	0
461	0
11	0
60	0
553	0
70	0
483	0
47	0
501	0
47	0
200	1
348	0
230	1
530	0
228	0
109	0
260	0
84	0
164	0
231	0
566	0
186	0
47	0
477	0
314	0
349	0
513	0
171	0
266	0
192	0
291	0
252	0
189	0
352	0
111	0
26	0
602	0
52	0
357	0
166	0
169	0
256	0
127	0
576	0
255	0
67	0
206	0
237	0
110	0
115	0
537	0
284	0
395	0
135	0
523	0
0	0
125	0
293	0
362	0
444	0
22	0
565	0
12	0
532	0
77	0
501	0
305	0
215	0
386	0
570	0
158	0
3	1
368	0
221	0
436	0
292	0
456	0
352	0
4	0
271	0
282	0
125	0
384	0
292	0
82	0
467	0
134	0
502	0
565	0
484	0
414	0
155	0
116	0
555	0
256	0
504	0
250	0
301	0
121	0
197	0
590	0
464	0
185	0
455	0
273	0
545	0
165	0
530	0
616	0
162	1
83	0
595	0
286	0
182	0
354	0
503	0
551	0
400	0
455	0
198	0
283	0
578	0
134	0
470	0
438	0
307	0
237	0
569	0
552	0
111	0
142	0
300	0
407	0
484	0
490	0
576	0
32	0
456	0
320	0
434	0
31	0
374	0
45	0
67	0
258	0
584	0
260	0
459	0
6	0
420	0
463	0
491	0
571	0
583	0
384	0
463	0
406	0
285	0
6	0
493	0
262	0
562	0
528	0
565	0
383	0
192	0
86	0
563	0
159	0
463	0
318	0
314	0
100	0
36	0
556	0
96	0
114	0
517	0
133	0
98	0
280	0
495	0
369	0
356	0
603	0
365	0
554	0
244	0
188	0
515	0
72	0
365	0
85	0
555	0
165	0
225	0
259	0
495	0
149	0
464	0
565	0
354	0
439	0
299	0
218	0
502	0
497	0
568	0
335	0
104	0
241	0
322	0
13	0
176	0
317	0
268	0
482	0
427	0
435	0
270	0
508	0
403	0
114	0
450	0
591	0
34	0
301	0
190	0
179	0
115	0
163	0
168	0
293	0
584	0
107	0
455	0
42	0
42	0
347	0
76	0
57	0
411	0
293	0
215	0
593	0
569	0
478	0
254	0
581	0
552	0
602	0
144	0
109	0
549	0
351	0
445	0
291	0
50	1
393	0
584	0
412	0
151	0
335	0
222	0
27	0
233	0
284	0
29	0
14	0
198	0
65	0
456	0
593	0
76	0
108	0
142	0
286	0
55	0
8	0
107	0
545	0
512	0
114	0
483	0
431	0
384	0
102	0
160	0
536	0
472	0
329	0
380	0
34	0
521	0
44	0
250	0
151	0
67	0
54	0
17	0
442	0
444	0
263	0
89	0
260	0
145	0
481	0
546	0
200	0
342	0
279	0
328	0
105	0
47	0
141	0
263	0
65	0
475	0
114	0
146	0
152	0
562	0
107	1
32	0
22	0
245	0
551	0
424	0
81	0
131	0
315	0
419	0
31	1
29	0
68	0
296	0
352	0
326	0
441	0
47	0
233	0
272	0
23	0
119	0
186	0
270	0
477	0
474	0
363	0
458	0
175	0
394	0
204	0
290	0
309	0
501	0
336	0
212	0
567	0
375	0
87	0
215	0
482	0
161	0
151	0
22	0
417	0
580	0
334	0
430	0
470	0
398	0
161	0
27	0
527	0
244	0
260	0
496	0
71	0
188	0
303	0
31	0
234	0
417	0
132	0
278	0
60	0
444	0
80	0
229	0
575	0
387	0
352	0
505	0
239	0
214	0
103	0
417	0
485	0
452	0
58	0
531	0
444	0
479	0
182	0
481	0
262	0
575	0
195	0
504	0
164	0
446	0
451	0
383	0
355	0
276	0
463	0
133	0
484	0
542	0
75	0
251	0
38	0
394	0
139	0
331	0
503	0
29	0
196	0
339	0
218	0
555	0
91	0
383	0
343	0
302	0
308	0
348	0
520	0
44	0
196	0
463	0
212	0
25	0
368	0
155	1
27	1
173	0
435	0
72	0
239	0
208	0
231	0
473	0
275	0
349	0
486	0
562	0
267	0
97	0
521	0
73	0
274	0
67	0
71	0
527	0
433	0
132	0
74	0
52	0
563	0
538	0
234	0
389	0
532	0
240	0
70	0
30	0
398	0
353	0
377	0
252	0
293	0
83	0
453	0
63	0
491	0
363	0
136	0
483	0
444	0
537	0
152	0
359	0
158	0
452	0
231	0
555	0
449	0
268	0
397	0
24	0
439	0
44	0
440	0
130	0
521	0
393	0
529	0
513	0
121	0
401	0
442	0
430	0
509	0
353	0
416	0
386	0
164	0
476	0
207	0
263	0
156	0
137	0
226	0
143	0
207	0
388	0
440	0
529	0
557	0
317	0
121	0
247	0
211	0
206	0
157	0
544	0
442	0
178	0
390	0
66	0
11	0
202	0
407	0
65	0
231	0
552	0
324	0
179	0
192	0
248	0
504	0
275	0
79	0
348	0
60	0
110	0
203	0
535	0
549	0
264	0
159	0
0	0
546	0
74	0
15	0
8	0
308	0
459	0
382	0
279	1
473	0
289	0
471	0
392	0
279	0
4	0
508	0
511	0
545	0
373	0
105	0
153	0
43	0
1	0
60	0
442	0
237	0
410	0
179	0
206	0
267	0
130	0
211	0
37	0
193	0
191	0
335	0
197	0
85	0
144	0
269	0
264	0
340	0
522	0
362	0
371	0
436	0
146	0
235	0
355	0
228	0
363	0
45	0
22	0
336	0
535	0
395	0
318	0
45	0
159	0
528	0
22	0
207	0
516	0
26	0
468	0
192	0
259	0
299	0
254	0
111	0
221	0
386	0
30	0
178	0
266	0
391	0
237	0
46	0
203	0
138	0
101	0
80	0
423	0
272	0
427	0
175	0
153	0
451	0
86	0
166	0
358	0
26	0
246	0
155	0
542	0
496	0
5	0
265	0
173	0
246	0
361	0
195	0
51	0
63	0
492	0
360	0
185	1
29	0
425	0
105	0
416	0
205	0
297	0
69	0
366	0
467	0
223	0
530	0
396	0
479	0
72	0
204	0
553	0
425	0
195	0
427	0
557	0
341	0
533	0
207	0
41	0
379	0
520	0
470	0
122	0
519	0
19	0
68	0
28	0
181	0
197	0
275	0
512	0
316	0
514	0
148	0
232	0
253	0
75	0
99	0
378	0
359	0
135	0
397	0
301	0
444	0
41	0
238	0
40	0
337	0
526	0
271	0
192	0
94	0
13	0
66	0
282	0
227	0
202	0
157	0
443	0
98	1
276	0
263	0
484	0
260	0
504	0
533	0
483	0
492	0
215	0
7	0
429	0
539	0
127	0
193	0
383	0
191	0
151	0
4	0
154	0
50	0
59	0
540	0
265	0
205	0
483	0
448	0
177	0
463	0
471	0
0	0
501	0
12	0
69	0
530	0
353	0
150	0
121	0
514	0
478	0
289	0
401	0
522	0
500	0
495	0
275	0
510	0
108	0
323	0
125	0
347	0
10	0
9	0
98	0
195	0
76	0
355	0
313	0
6	0
486	0
71	0
462	0
297	0
130	0
450	0
232	0
245	0
130	0
261	0
299	0
459	0
218	0
377	0
529	0
220	0
254	0
474	0
74	1
432	0
4	0
74	0
510	0
146	0
172	0
342	0
233	0
195	0
119	0
94	0
121	0
81	0
492	0
411	0
287	0
219	0
498	0
134	0
259	0
430	0
83	0
39	1
421	0
518	0
482	0
471	0
224	0
487	0
44	0
473	0
323	0
520	0
35	0
135	0
249	0
377	0
58	0
497	0
89	0
449	0
116	0
263	0
14	0
209	0
126	0
479	0
189	0
90	0
117	0
500	0
233	0
435	0
311	0
30	0
464	0
299	0
321	0
484	0
66	0
8	0
24	0
91	0
505	0
234	0
453	0
152	0
139	0
147	0
210	0
43	1
158	0
57	0
264	0
119	0
332	0
426	0
368	0
392	0
337	0
113	0
99	0
497	0
145	0
392	0
511	0
312	0
212	0
509	0
420	0
276	0
265	0
196	0
470	0
406	0
435	0
126	0
287	0
418	0
229	0
202	0
425	0
441	0
414	0
414	0
367	0
74	0
130	0
6	0
441	0
224	0
14	0
348	0
162	0
386	0
228	0
393	0
311	0
245	0
473	0
399	0
196	0
278	0
456	0
270	0
373	0
323	0
194	0
309	0
216	0
379	0
505	0
221	0
187	0
203	0
472	0
413	0
209	0
454	0
64	0
297	0
84	0
505	0
298	0
182	0
176	0
265	0
59	0
49	0
249	0
431	0
183	0
106	0
237	0
397	0
118	0
129	0
476	0
260	0
220	0
48	0
412	0
220	0
418	0
87	0
42	0
167	0
414	0
408	0
39	0
287	0
162	0
154	0
242	0
525	0
137	0
249	0
6	0
446	0
467	0
141	0
407	0
354	0
479	0
301	0
327	0
83	0
437	0
305	0
42	0
71	0
203	0
526	0
27	0
391	0
3	0
443	0
7	0
308	0
121	0
130	0
482	0
313	0
365	0
369	0
7	0
158	0
472	0
12	0
361	0
240	0
257	0
112	0
447	0
500	0
189	0
67	0
101	0
454	0
322	0
114	0
195	0
396	0
199	0
125	0
89	0
390	0
101	0
78	0
171	0
470	0
66	0
383	0
3	1
124	0
200	0
278	0
499	0
454	0
484	0
209	0
356	0
263	0
467	0
385	0
355	0
110	0
16	0
296	0
252	0
301	0
383	0
336	0
240	0
78	0
82	0
370	0
37	0
430	0
156	0
16	0
184	0
182	0
449	0
492	0
358	0
147	0
204	0
79	0
48	0
406	0
180	0
109	0
124	0
357	0
144	0
208	0
407	0
292	0
133	0
128	0
14	0
277	0
301	0
110	0
13	0
444	0
436	0
211	0
238	0
314	0
440	0
39	0
77	0
316	0
159	0
8	1
307	0
517	0
132	0
36	0
195	0
304	0
472	0
418	0
393	0
493	0
299	0
7	0
63	0
379	0
496	0
291	0
17	0
366	0
127	0
89	0
193	0
192	0
428	0
512	0
427	0
469	0
408	0
487	0
134	0
388	0
468	0
54	0
84	0
394	0
354	0
197	0
277	0
371	0
400	0
106	0
46	0
110	0
492	0
118	0
441	0
187	0
198	0
342	0
40	0
148	0
473	0
500	0
242	0
139	0
46	0
2	0
59	0
231	0
215	0
35	0
308	0
151	0
122	0
28	0
73	0
210	0
96	0
381	0
228	0
41	0
71	0
330	0
301	0
351	0
379	0
469	0
349	0
481	0
151	0
143	0
193	0
351	0
476	0
86	0
418	0
117	0
217	0
421	0
52	0
263	0
12	0
495	0
387	0
115	0
368	0
230	0
77	0
74	0
262	0
112	0
231	0
454	0
302	0
237	0
222	0
139	0
162	0
9	0
282	0
373	0
325	0
97	0
202	0
110	0
54	0
297	0
385	0
275	0
296	0
227	0
485	0
293	0
486	0
307	0
158	0
324	0
368	0
66	0
486	0
150	0
284	0
318	0
69	0
346	0
154	0
416	0
387	0
481	0
475	0
321	0
47	0
35	0
10	0
390	1
403	0
221	0
355	0
398	0
6	0
142	0
295	0
315	0
209	0
5	0
101	0
394	0
345	0
378	0
248	0
174	0
37	0
99	0
91	0
105	0
49	0
325	0
473	0
367	0
352	0
405	0
20	0
420	0
253	0
3	0
144	0
225	0
419	0
440	0
143	0
485	0
343	0
232	0
241	0
455	0
431	0
459	0
445	0
181	0
34	0
33	0
148	0
271	0
106	0
428	0
197	0
20	0
219	0
361	0
446	0
152	0
73	0
221	0
384	0
390	0
148	0
243	0
333	0
246	0
9	0
462	0
501	0
274	0
455	0
287	0
167	0
131	0
65	0
469	0
257	0
454	0
165	0
426	0
449	0
113	0
199	0
336	0
276	0
56	0
2	0
116	0
370	0
215	0
115	0
130	0
154	0
128	0
232	0
239	0
86	0
10	0
169	0
299	0
323	0
419	0
231	0
423	0
189	0
450	0
108	0
306	0
176	0
62	1
45	0
102	0
268	0
187	0
117	0
282	0
485	0
373	0
52	0
107	0
173	0
129	0
269	0
122	0
70	0
339	0
404	0
418	0
101	0
359	0
350	0
47	0
461	0
309	0
416	0
221	0
345	0
20	0
1	0
315	0
98	0
174	0
27	0
36	0
378	0
381	0
471	0
214	0
191	0
159	0
316	0
310	0
321	0
96	0
175	0
356	0
416	0
477	0
215	0
177	0
427	0
170	0
382	0
38	0
68	0
465	0
101	0
158	0
315	0
300	0
78	0
273	0
43	0
77	0
221	0
451	0
481	0
254	0
244	0
204	0
479	0
414	0
471	0
243	0
464	0
132	0
170	0
147	0
198	0
255	0
77	0
165	0
290	0
332	0
165	0
258	0
460	0
33	0
2	0
7	0
492	0
297	0
321	0
244	0
186	0
298	0
248	0
72	0
206	0
84	0
425	0
462	0
110	0
80	0
246	0
323	0
123	0
240	0
66	0
42	0
254	0
53	0
402	0
179	0
137	0
276	0
370	0
223	0
204	0
310	0
159	0
200	0
137	0
280	0
397	0
424	0
264	0
233	0
135	0
81	0
173	0
260	0
78	0
384	0
124	0
209	0
378	0
378	0
270	0
65	0
10	0
43	0
347	0
355	0
284	0
127	0
399	0
105	0
271	0
485	0
153	0
257	0
127	0
267	0
492	0
419	0
473	0
35	0
181	0
152	0
381	0
198	0
25	0
382	0
51	0
351	0
156	0
119	0
73	0
262	0
468	0
185	0
74	0
101	0
147	0
85	0
101	0
214	0
169	0
139	0
421	0
209	0
205	0
352	0
367	0
247	0
274	0
322	0
141	0
1	1
248	0
83	0
168	0
314	0
431	0
317	1
144	1
441	0
197	0
474	0
158	0
487	0
481	0
55	0
269	0
65	0
431	0
375	0
406	0
328	0
487	0
374	0
466	0
259	0
402	0
483	0
42	0
293	0
354	0
203	0
362	0
66	0
45	0
379	0
355	0
398	0
14	0
395	0
53	0
129	0
26	0
195	0
184	0
168	0
434	0
373	0
181	0
416	0
407	0
473	0
473	0
436	0
274	0
426	0
332	0
341	0
237	0
103	0
250	0
276	0
1	0
155	0
347	0
7	0
8	1
53	0
78	0
41	0
0	0
1	1
427	0
382	0
441	0
233	0
224	0
108	0
325	0
38	0
441	0
212	0
55	0
67	0
415	0
146	0
149	0
299	0
212	0
421	0
261	0
34	0
371	0
268	0
124	0
401	0
84	0
301	0
234	0
470	0
386	0
104	0
311	0
312	0
308	0
12	0
265	0
422	0
44	0
110	0
268	0
64	0
82	0
457	0
46	0
400	0
396	0
454	0
190	0
340	0
117	0
233	0
42	0
370	0
7	0
463	0
254	0
1	0
450	0
385	0
298	0
337	0
296	0
416	0
352	0
171	0
58	0
310	0
328	0
209	0
36	0
15	0
378	0
345	0
39	0
79	0
110	0
361	0
3	1
120	0
462	0
221	0
110	0
78	0
454	0
406	0
219	0
100	0
108	0
73	0
404	0
58	0
4	0
315	0
77	0
374	0
429	0
188	0
462	0
62	0
101	0
176	0
253	0
45	0
198	0
412	0
438	0
338	0
457	0
116	0
142	0
145	0
183	0
198	0
57	0
303	0
441	0
187	0
449	0
165	0
76	0
77	0
306	0
73	0
268	0
394	0
4	0
213	0
329	0
350	0
425	0
2	0
280	0
24	0
325	0
258	0
41	0
316	0
230	0
172	0
213	0
102	0
443	0
65	0
378	0
116	0
403	0
139	0
290	0
175	0
119	0
408	0
112	0
46	0
440	0
125	0
60	0
297	0
369	0
70	0
345	0
305	0
347	0
272	0
8	0
329	0
401	0
284	0
182	0
339	0
324	0
323	0
216	0
426	0
153	0
111	0
6	0
107	0
113	0
324	0
262	0
174	0
263	0
245	0
217	0
33	0
423	0
42	0
151	0
238	0
380	0
157	0
159	0
347	0
361	0
372	0
270	0
333	0
40	0
337	0
122	0
58	0
219	0
364	0
95	0
181	0
275	0
315	0
88	0
157	0
78	0
177	0
444	0
297	0
306	0
37	0
394	0
41	0
189	0
61	0
293	0
275	0
140	0
138	0
370	0
37	0
51	0
169	0
165	0
183	0
142	0
138	0
135	0
146	0
6	0
50	0
428	0
308	0
216	0
160	0
292	0
2	0
242	0
5	0
228	0
231	0
281	0
384	0
412	0
338	0
410	0
21	0
282	0
359	0
47	0
347	0
273	0
71	0
162	0
386	0
186	0
114	0
327	0
4	0
216	0
407	0
361	0
360	0
181	1
198	0
33	0
434	0
42	0
166	0
259	0
295	0
420	0
204	0
395	0
142	0
232	0
54	0
271	0
235	0
25	0
239	0
17	1
235	0
404	0
313	0
350	0
350	0
451	0
206	0
92	0
339	0
260	0
260	0
286	0
31	0
282	0
429	0
391	0
150	0
339	0
402	0
83	0
299	0
37	0
216	0
36	0
174	0
437	0
454	0
185	0
173	0
427	0
452	0
62	0
155	0
95	0
284	0
405	0
14	1
450	0
134	0
92	0
323	0
38	0
223	0
17	0
338	0
73	0
264	0
52	0
20	0
191	0
230	0
419	0
30	0
369	0
72	0
79	0
27	0
299	0
273	0
286	0
421	0
104	0
175	0
361	0
39	0
148	0
7	0
166	0
433	0
102	0
185	0
223	0
84	0
412	0
380	0
388	0
103	0
151	0
322	0
428	0
196	0
143	0
393	0
345	0
17	0
350	0
31	0
391	0
76	0
210	0
298	0
298	0
163	0
312	0
230	0
174	0
189	0
301	0
324	0
320	0
58	0
41	0
74	0
410	0
302	0
76	0
143	0
81	0
254	0
224	0
19	0
122	0
294	0
335	0
165	0
402	0
354	0
245	0
32	0
181	0
170	0
394	0
402	0
47	0
313	0
56	0
381	0
230	0
310	0
389	0
134	0
263	0
12	1
306	0
264	0
236	0
121	0
412	0
298	0
386	0
4	0
281	0
106	0
146	0
409	0
137	0
190	0
304	0
201	0
273	0
176	0
81	0
197	0
61	0
334	0
196	0
100	0
52	1
253	0
310	0
149	0
207	0
59	0
167	0
220	0
303	1
66	0
218	0
134	0
261	1
224	0
216	0
165	0
402	0
178	0
274	0
389	0
232	0
272	0
61	0
435	0
118	0
267	0
289	0
398	0
323	0
110	0
202	0
377	0
161	0
435	0
251	0
1	0
46	0
83	0
50	0
375	0
150	0
228	0
177	0
50	0
285	0
293	0
406	0
184	0
250	0
340	0
218	0
31	0
91	0
105	1
130	0
65	0
283	0
369	0
93	0
105	0
13	0
107	0
126	0
234	0
316	0
32	0
75	0
378	0
193	0
402	0
135	0
112	0
350	0
286	0
197	0
221	0
125	0
327	0
144	0
221	0
272	0
105	0
80	0
277	0
336	0
82	0
343	0
338	0
369	0
101	0
52	0
119	0
278	0
261	0
181	0
175	0
55	0
260	0
111	0
343	0
61	0
188	0
116	0
84	0
94	0
236	0
397	0
43	0
131	0
285	0
40	0
41	0
393	0
66	0
110	0
14	1
373	0
137	0
37	0
158	0
224	0
198	0
78	0
8	0
297	0
111	0
186	0
15	0
81	0
85	0
64	0
76	0
195	0
120	0
180	0
97	0
295	0
70	0
267	0
65	0
142	0
325	0
144	0
46	1
307	0
14	0
12	0
83	0
216	0
34	0
305	0
157	0
5	0
143	0
316	0
301	0
168	0
335	0
102	0
225	0
303	0
325	0
376	0
274	0
256	0
264	0
327	0
61	0
329	0
208	0
322	0
206	0
136	0
152	0
27	0
212	0
389	0
164	0
404	0
90	1
192	0
392	0
185	0
391	0
187	0
156	0
423	0
314	0
18	0
293	0
25	0
69	0
173	0
66	0
145	0
130	0
165	0
340	0
324	0
345	0
86	0
39	0
110	0
2	0
171	0
412	0
50	0
13	0
182	0
31	0
70	0
0	0
218	0
94	0
418	0
383	0
304	0
335	0
109	0
0	0
415	0
299	0
156	0
108	0
37	0
105	0
181	0
18	0
220	0
270	0
225	0
309	0
210	1
97	0
382	0
131	0
98	0
298	0
264	0
209	0
32	0
75	0
123	0
149	0
165	0
331	0
155	0
84	0
182	0
311	0
19	0
387	0
302	0
122	0
354	0
37	0
349	0
331	0
413	0
32	0
139	0
365	0
267	0
408	0
257	0
327	0
42	0
355	0
12	0
296	0
199	0
291	0
317	0
209	0
417	0
81	0
372	0
348	0
292	0
79	0
393	0
345	0
111	1
69	0
234	0
178	0
110	0
64	0
270	0
263	0
111	0
164	0
1	0
368	0
408	0
398	0
389	0
403	0
327	0
84	0
359	0
106	0
239	0
367	0
184	0
309	0
42	0
365	0
43	0
239	0
218	0
316	0
116	0
101	0
34	0
311	0
221	0
282	0
160	0
354	0
288	0
391	0
200	0
362	0
178	0
132	0
340	0
284	0
291	0
350	0
319	0
257	0
45	0
388	0
4	0
55	0
34	0
88	0
41	0
301	0
174	0
262	0
303	0
278	0
279	0
201	0
166	0
82	1
98	0
238	0
238	0
34	0
78	0
287	0
159	0
151	0
151	0
79	0
230	0
201	0
92	0
333	0
262	0
184	0
194	0
58	0
362	0
183	0
296	0
205	0
323	0
166	0
129	0
263	0
308	0
364	0
286	0
169	0
16	0
195	0
396	0
59	0
312	0
335	0
76	0
133	0
274	0
152	0
222	0
190	0
165	0
51	0
73	0
257	0
118	0
308	0
143	0
320	0
180	0
384	0
90	0
334	0
333	0
241	0
138	0
104	0
136	0
193	0
284	0
120	0
204	0
342	0
356	0
291	0
328	0
103	0
313	0
39	0
232	0
91	0
72	0
247	0
11	0
252	0
0	1
338	0
381	0
276	0
29	0
250	0
391	0
336	0
172	0
194	0
290	0
410	0
108	0
316	0
22	0
362	0
60	0
20	0
39	0
170	0
340	0
9	0
96	0
396	0
2	0
219	0
17	0
349	0
98	0
18	0
60	0
360	0
53	0
380	0
295	0
33	0
44	0
249	0
208	0
20	0
199	0
313	0
98	0
49	0
303	0
21	0
234	0
335	0
338	0
105	0
6	0
352	0
404	0
342	0
258	0
281	0
40	0
177	0
27	0
283	0
280	0
334	0
99	0
232	0
259	0
297	0
265	0
133	0
206	0
377	0
220	0
223	0
90	0
325	0
98	0
285	0
232	0
259	0
195	0
275	0
217	0
272	0
139	0
303	0
130	0
83	0
256	0
347	0
46	0
4	0
64	0
9	0
278	0
149	0
8	0
67	0
62	0
168	0
186	0
315	0
258	0
278	0
309	0
380	0
387	0
245	0
379	0
203	0
116	0
246	0
283	0
219	1
5	0
371	0
398	0
389	0
325	0
44	0
49	0
355	0
201	0
24	0
166	0
4	0
258	0
228	0
260	0
196	0
219	0
91	0
141	1
301	0
391	0
197	0
180	0
334	0
152	0
26	0
221	0
61	0
120	0
210	0
287	0
368	0
112	0
127	0
140	0
50	0
292	0
228	0
198	0
302	0
192	0
116	0
292	0
321	0
179	0
360	0
258	0
266	0
376	0
389	0
92	0
353	0
167	0
134	0
154	1
107	0
216	0
22	0
31	0
66	0
75	0
285	0
325	0
21	0
94	0
70	0
52	0
200	0
317	0
11	0
319	0
386	0
143	0
358	0
136	0
44	1
73	0
37	0
257	0
194	0
146	0
22	0
141	0
63	0
367	0
114	0
352	0
100	0
271	0
82	0
72	0
347	0
293	0
35	0
252	0
192	0
175	0
113	0
31	0
39	0
306	0
16	0
295	0
328	0
165	0
293	0
290	0
97	0
342	0
154	0
68	1
59	0
221	0
203	0
17	0
102	0
344	0
263	0
44	0
62	0
9	0
165	0
51	0
159	0
180	0
221	0
371	0
210	0
313	0
341	0
101	0
231	0
123	0
362	0
110	0
147	0
270	0
188	0
2	1
360	0
120	0
335	0
344	0
262	0
27	0
289	0
78	0
64	0
218	0
217	0
113	1
320	0
355	0
84	0
22	0
212	0
213	0
75	0
16	1
165	0
308	0
254	0
208	0
24	0
362	0
273	0
82	0
306	0
47	0
20	0
347	0
332	0
208	0
367	0
140	0
1	0
25	0
330	0
332	0
126	0
140	0
232	0
116	0
225	0
188	0
111	0
184	0
381	0
104	0
374	0
371	0
248	0
382	0
230	0
197	0
126	0
22	0
11	0
29	0
380	0
133	1
84	0
130	1
25	1
56	0
185	0
125	0
96	1
118	0
237	0
293	0
16	0
372	0
84	0
279	0
311	0
89	0
22	0
64	0
51	1
231	0
281	0
62	0
30	0
286	0
12	0
369	0
224	0
90	0
322	0
244	0
37	0
5	0
283	0
321	0
209	0
283	0
187	0
37	1
99	0
123	0
155	0
64	0
330	0
301	0
21	0
22	1
270	0
277	0
245	0
212	0
63	0
10	0
250	0
174	0
137	0
163	0
44	0
149	0
277	0
167	1
187	0
178	0
303	0
130	0
292	0
179	0
7	1
140	0
57	0
167	0
298	0
123	0
196	0
251	0
333	0
17	0
266	0
19	0
279	0
25	0
212	0
80	0
219	0
110	0
75	0
114	0
58	0
43	0
253	0
174	0
220	0
290	0
1	0
288	0
312	0
201	0
22	0
235	0
15	0
99	0
201	0
89	0
273	0
179	0
168	0
287	0
59	0
225	0
146	1
22	0
292	0
140	0
83	0
192	0
43	0
69	0
242	0
343	0
21	1
264	0
160	0
197	0
81	0
295	0
185	0
138	0
321	0
249	0
74	0
60	0
43	0
98	0
262	0
73	0
24	0
64	0
159	0
54	0
283	0
313	0
1	0
204	0
241	0
220	0
70	1
172	0
119	0
237	0
304	0
242	0
173	0
109	0
238	0
302	0
274	0
52	0
205	0
9	0
0	1
337	0
263	0
149	0
287	0
35	0
250	0
293	0
141	0
282	0
12	0
39	1
160	0
290	0
110	0
177	0
106	1
14	0
302	0
257	0
116	0
149	1
311	0
142	0
256	0
63	0
117	0
77	0
82	0
318	0
276	0
126	0
225	0
238	1
180	1
17	1
336	0
27	0
175	0
158	0
268	0
31	0
59	0
120	0
176	0
210	0
80	0
175	0
137	0
261	0
324	0
50	0
271	0
243	0
288	0
274	0
203	0
36	0
124	0
136	0
327	0
251	0
2	0
180	1
240	0
196	0
263	0
339	0
284	0
295	0
124	0
46	0
129	0
194	0
259	0
149	0
127	0
10	0
245	0
281	0
106	0
93	0
185	0
226	0
11	0
231	0
34	0
23	0
176	0
112	0
189	0
57	0
147	0
47	0
90	0
107	0
246	0
50	0
210	0
43	0
135	1
73	0
249	0
136	0
259	0
232	0
262	1
201	0
192	0
132	0
274	0
155	0
142	0
323	0
292	0
105	0
312	0
114	0
319	0
77	0
107	0
30	0
68	0
273	1
60	0
264	0
144	0
297	0
184	0
37	0
53	0
108	0
86	0
54	0
214	0
186	1
65	0
279	0
142	0
125	0
306	0
242	0
177	0
47	0
239	0
290	0
154	0
58	0
115	0
199	0
241	0
66	0
71	0
289	0
226	0
83	0
286	0
68	0
6	0
253	0
68	0
112	0
125	0
219	0
15	0
122	0
182	0
148	0
148	0
119	0
312	0
60	0
32	0
153	0
297	0
214	0
93	0
298	0
60	0
78	0
192	0
162	0
206	0
61	0
177	0
81	0
239	0
276	0
230	0
318	0
259	0
26	0
224	0
15	0
41	0
18	0
1	1
271	0
72	0
97	0
4	0
309	0
261	0
320	0
18	0
228	0
74	0
276	0
18	1
229	0
127	0
263	0
38	0
255	0
90	0
216	0
288	0
40	0
174	0
244	0
218	0
107	0
205	0
234	0
215	0
179	0
116	0
171	0
176	0
65	0
82	0
290	0
141	0
256	0
195	0
220	0
279	0
316	0
231	0
172	0
149	0
30	0
124	0
10	0
194	0
131	0
84	0
78	0
292	0
106	0
115	0
37	0
208	0
174	0
263	0
318	0
147	0
317	0
19	0
12	0
126	0
78	0
258	0
29	0
317	0
91	0
3	0
113	0
247	0
13	0
79	0
149	0
273	0
120	0
62	0
13	0
208	0
170	0
196	0
298	0
98	0
274	0
85	0
246	0
24	0
150	0
140	0
246	0
293	0
81	0
287	0
41	0
113	0
164	0
98	0
122	0
279	0
99	0
202	0
67	0
40	0
54	0
224	0
109	0
248	0
163	0
231	0
136	0
179	0
281	0
191	0
185	0
253	0
74	0
235	0
31	0
49	0
195	0
55	0
85	0
168	0
80	0
152	0
305	0
188	0
58	0
255	0
131	0
156	0
115	0
215	0
64	0
254	0
154	0
271	0
172	0
236	0
189	0
204	0
101	0
254	0
273	0
264	0
247	0
276	0
195	0
248	0
215	0
269	0
175	0
304	0
275	0
91	0
137	0
51	0
245	0
58	0
103	0
23	0
136	0
10	0
72	0
192	0
308	0
39	0
230	0
289	0
224	0
94	0
242	0
42	0
204	0
161	0
289	0
107	0
24	0
84	0
141	0
93	0
310	0
182	0
36	0
308	0
42	0
54	0
165	0
232	0
240	0
211	0
27	0
143	0
158	0
41	0
13	0
223	0
61	0
156	0
251	0
218	0
276	0
76	1
160	0
292	0
177	0
36	0
284	0
161	0
301	0
49	0
81	0
202	0
149	0
93	0
231	0
209	0
91	0
235	0
14	0
206	0
278	0
124	1
296	0
14	0
177	0
128	0
216	0
145	0
191	0
264	0
99	0
217	0
216	0
150	0
240	0
199	0
251	0
151	0
262	0
12	0
108	0
59	0
251	0
107	0
233	0
38	0
17	0
142	0
23	0
273	0
15	0
216	0
53	0
133	0
212	0
141	0
284	0
90	0
85	0
4	1
160	0
236	0
36	0
249	0
67	0
105	0
262	0
273	0
85	0
139	0
167	0
197	0
228	0
197	0
229	0
153	0
27	0
161	0
231	0
18	0
244	0
280	0
18	0
151	0
221	0
80	1
16	0
178	0
270	0
6	0
142	0
152	0
274	0
68	0
122	0
183	0
241	0
270	0
67	0
101	0
234	0
3	0
270	0
8	0
88	0
20	0
132	0
52	0
109	0
176	0
263	0
257	0
69	0
172	0
238	0
156	0
177	0
69	0
275	0
271	0
70	0
111	0
51	0
61	0
283	0
15	0
20	0
126	0
118	0
263	0
9	1
13	0
129	0
44	0
244	0
230	0
75	0
193	0
70	0
75	0
146	0
110	0
163	0
135	0
142	0
187	0
163	0
18	0
16	0
30	0
137	0
23	1
219	0
181	0
146	0
271	0
105	0
258	0
110	0
49	0
137	0
214	0
55	0
114	0
239	0
255	0
205	0
16	0
148	0
156	0
239	0
119	0
59	0
189	0
39	0
101	0
30	0
158	0
12	1
222	0
148	0
129	0
222	0
223	0
72	0
129	0
68	1
47	0
206	0
252	0
132	0
110	0
255	0
79	0
263	0
25	0
156	0
119	0
103	0
18	0
237	0
183	0
137	0
77	0
157	0
7	0
155	0
2	0
225	0
211	0
25	0
67	0
222	0
239	0
15	0
160	0
143	0
241	0
33	0
174	0
124	0
170	0
178	0
233	0
29	0
74	0
8	0
234	0
157	0
219	0
157	0
148	0
257	0
116	0
231	0
199	0
160	0
176	0
106	0
61	0
232	0
218	0
15	0
89	0
152	0
167	0
203	0
185	0
189	0
79	0
168	0
50	0
50	0
63	0
243	0
191	0
90	0
31	0
22	0
67	0
155	0
235	0
55	0
21	0
164	0
66	0
135	0
31	0
51	0
153	0
254	0
175	0
240	0
266	0
132	0
221	0
250	0
121	0
162	0
57	0
151	0
267	0
5	0
31	0
173	0
26	0
257	0
257	0
164	0
186	0
129	1
144	1
143	0
117	0
236	0
245	0
67	0
252	0
116	0
225	0
260	0
100	0
6	0
38	0
56	0
196	0
267	0
191	0
66	0
242	0
154	0
23	0
61	0
97	0
180	0
65	0
107	0
43	0
224	0
43	0
145	0
50	0
91	0
182	0
139	0
59	0
247	0
179	0
216	0
126	0
62	0
94	0
47	0
247	0
123	0
201	0
35	0
171	0
249	0
215	0
233	0
219	0
3	0
137	0
100	0
165	0
27	0
70	0
52	0
191	0
222	0
6	0
10	0
187	0
42	0
201	0
252	0
83	0
168	0
128	0
36	0
217	0
104	0
256	0
233	0
171	0
46	0
196	0
162	0
99	0
11	0
50	0
0	1
36	0
0	1
55	0
253	0
216	0
107	0
259	0
33	0
84	0
103	0
196	0
53	0
117	0
148	0
49	0
223	0
1	0
100	0
142	0
160	0
66	1
144	0
250	0
54	0
73	0
140	0
21	0
30	0
152	0
21	0
81	0
39	0
98	0
124	0
195	0
109	0
135	1
245	0
189	0
65	0
48	1
94	0
233	0
34	0
232	0
222	0
91	0
110	0
218	0
82	0
188	0
94	0
149	1
167	0
196	0
233	0
49	0
234	0
60	0
157	0
156	0
139	0
168	0
240	0
230	0
88	0
1	0
95	0
201	0
155	0
224	0
169	0
68	0
240	0
74	0
15	0
23	0
147	0
193	0
54	0
27	0
128	0
42	0
210	0
204	0
181	0
177	0
29	0
147	0
127	0
68	0
65	0
136	0
35	0
37	0
62	0
84	0
105	0
226	0
20	0
46	0
102	0
21	0
132	0
78	0
18	0
223	0
99	0
238	0
185	0
217	0
88	0
169	0
113	0
150	0
100	0
11	0
153	0
137	0
89	0
161	0
43	0
3	0
57	1
132	0
71	0
98	0
76	0
13	1
33	0
105	0
123	0
145	0
207	0
49	0
162	0
208	0
110	0
166	1
115	0
64	0
68	0
235	0
220	0
234	0
201	0
196	0
198	0
206	0
119	0
47	0
243	0
228	0
209	0
155	0
41	0
159	0
179	0
107	0
91	0
152	0
230	0
204	0
91	0
172	0
113	0
105	0
58	0
76	0
60	0
74	0
82	0
156	0
20	0
217	0
40	0
231	0
240	0
77	0
239	0
61	0
227	0
224	0
70	0
169	0
178	0
100	0
73	0
77	0
133	0
4	0
101	0
197	0
183	0
240	0
82	0
103	0
103	0
149	0
65	0
190	0
16	0
249	0
235	0
59	0
199	0
103	0
55	0
158	0
95	0
143	0
175	0
30	0
251	0
160	0
89	0
246	0
84	0
188	0
178	0
118	0
140	0
96	0
63	0
45	0
199	0
251	0
168	0
201	0
192	0
209	0
99	0
213	0
129	0
74	0
192	0
93	0
118	0
187	0
135	0
29	0
124	0
7	0
154	0
71	0
239	0
177	0
81	0
116	0
185	0
193	0
5	0
246	0
246	0
160	0
59	0
129	0
35	0
102	0
36	0
165	0
22	0
21	0
200	0
144	0
1	0
82	0
84	0
214	0
193	0
44	0
211	0
127	0
27	0
198	0
50	0
122	0
67	0
14	0
89	0
74	0
159	0
138	0
190	0
2	0
189	0
142	0
130	0
174	0
42	0
160	0
145	0
87	0
55	0
210	0
97	0
89	0
31	0
98	0
196	0
47	0
206	0
13	0
60	0
23	0
146	0
41	0
226	0
107	0
31	1
48	0
12	0
227	0
112	0
68	0
134	0
99	0
26	0
210	0
9	0
33	0
105	0
82	0
81	0
78	0
11	0
222	0
0	0
37	0
88	0
9	1
152	0
6	0
125	0
97	0
134	0
86	0
115	0
42	0
111	0
157	0
235	0
229	0
0	0
110	0
55	0
12	0
196	0
51	0
192	0
53	0
98	0
140	0
161	0
196	0
210	0
82	0
10	0
116	0
162	0
69	0
64	0
177	0
51	0
212	0
156	0
199	0
112	0
215	0
128	0
22	0
101	0
66	0
221	0
181	0
201	0
39	0
36	0
134	0
154	0
128	0
127	0
50	0
3	0
50	0
140	0
146	0
65	0
8	0
153	0
113	0
175	0
214	0
30	0
141	0
89	0
74	0
184	0
222	0
59	0
127	0
59	0
99	0
104	0
162	0
95	0
133	0
158	0
167	0
100	0
214	0
195	0
115	0
183	0
207	0
143	0
2	0
9	0
79	0
109	0
134	0
66	0
104	0
201	0
58	0
27	0
120	0
96	0
182	0
197	0
174	0
71	0
54	0
16	0
183	0
180	0
58	0
111	0
22	0
200	0
174	0
203	0
135	0
124	0
206	0
178	0
110	0
126	0
35	0
14	0
154	0
52	0
136	0
167	0
78	0
171	0
223	0
161	0
208	0
143	0
84	0
210	0
127	0
210	0
59	0
58	0
70	0
39	0
63	0
1	0
60	0
142	0
175	0
7	0
76	0
73	0
15	0
76	0
7	0
22	0
49	0
7	0
42	0
40	0
169	0
42	0
166	0
116	0
173	0
71	0
182	0
28	0
37	0
184	0
46	1
214	0
107	0
150	0
219	0
21	0
3	0
143	0
141	0
144	0
161	0
106	0
7	0
129	0
97	1
157	0
117	0
84	0
5	0
1	0
155	0
109	0
178	0
35	0
216	0
67	0
78	0
150	0
120	0
194	0
148	0
85	0
71	0
45	0
15	0
122	0
0	0
152	0
44	0
164	0
167	0
181	0
3	0
87	0
222	0
154	0
210	0
92	0
214	0
182	0
162	0
187	0
19	0
138	0
112	0
82	0
10	0
68	0
157	0
113	0
16	0
158	0
39	0
172	0
40	0
94	0
191	0
56	0
114	0
182	0
166	0
154	0
139	0
99	0
168	0
79	0
194	0
157	0
195	0
171	0
183	0
58	0
203	0
34	0
13	0
84	0
128	0
52	0
79	0
67	0
191	0
20	0
139	0
175	0
170	0
48	0
52	0
36	0
154	0
20	0
62	0
147	0
146	0
29	0
157	0
96	0
93	0
34	0
60	0
168	0
127	0
92	0
101	0
188	0
148	0
16	0
25	0
66	0
189	0
111	0
136	0
90	0
152	0
19	0
106	0
145	1
11	0
114	0
127	0
48	0
56	0
178	0
141	0
172	0
184	0
139	0
62	0
113	0
95	0
104	0
134	0
138	0
10	0
57	0
105	0
85	0
121	0
154	0
172	0
39	0
53	0
123	0
9	0
170	0
7	0
60	0
21	0
75	0
152	0
199	0
51	0
154	0
202	0
52	0
89	0
184	0
184	0
15	0
120	0
80	0
94	0
185	0
174	0
31	0
138	0
147	0
63	0
47	0
110	0
47	0
3	0
139	0
35	0
38	0
49	0
150	0
4	0
75	0
87	0
140	0
147	0
8	0
2	0
127	0
199	0
37	0
105	0
83	0
25	0
1	0
29	0
160	0
42	0
184	0
109	0
167	0
66	0
157	0
166	0
114	0
129	0
91	0
122	0
77	0
108	0
199	0
188	0
42	0
88	0
192	0
113	0
175	0
179	0
168	0
158	0
137	0
48	0
11	0
134	0
113	0
185	0
36	0
175	0
8	0
126	0
21	0
126	0
158	0
90	0
102	0
78	1
180	0
147	0
12	0
69	0
138	0
6	0
132	0
5	0
29	0
166	0
66	0
149	0
110	0
161	0
201	0
179	0
134	0
12	0
40	0
134	0
197	0
114	0
63	0
5	0
26	0
140	0
111	0
61	0
3	0
24	0
45	0
17	0
104	0
37	0
70	0
80	0
85	0
83	0
119	0
107	0
111	0
155	0
75	0
23	0
26	0
128	0
31	0
56	0
116	0
106	0
39	0
143	0
134	0
91	0
14	0
33	0
1	0
126	0
89	0
47	0
89	0
75	0
42	0
92	0
110	0
83	0
94	0
0	0
146	0
53	0
65	0
110	0
152	0
14	0
158	0
109	0
45	0
57	0
17	0
6	0
20	0
44	0
38	0
33	0
54	0
47	0
77	0
113	0
0	0
55	0
96	0
19	0
29	0
7	0
30	0
151	0
97	0
116	0
16	1
83	0
10	0
64	0
122	0
48	0
147	0
96	0
159	0
10	0
77	0
39	0
89	0
60	0
146	0
34	0
98	0
8	0
30	0
129	0
115	0
125	0
127	0
131	0
52	0
55	0
9	0
138	0
70	0
99	0
86	0
22	0
36	0
42	0
86	0
157	0
149	0
113	0
4	1
7	0
93	0
111	0
36	0
157	0
86	0
38	0
111	0
15	0
157	0
147	0
29	0
72	0
106	0
94	0
80	0
70	0
156	0
9	0
12	0
11	0
3	0
33	0
38	0
154	0
17	0
129	0
55	0
98	0
103	0
126	0
101	0
33	0
134	0
10	0
74	0
39	0
18	0
20	0
13	0
91	0
28	0
96	0
87	0
7	0
101	0
9	0
154	0
59	0
105	0
59	0
37	0
64	0
83	0
130	0
44	0
140	0
133	0
104	0
4	0
85	0
131	0
3	0
22	0
88	0
22	0
54	0
23	0
30	0
65	0
61	0
33	0
101	0
75	0
31	0
8	0
129	0
78	0
120	0
11	0
40	0
123	0
66	0
117	0
47	0
49	0
64	0
91	0
63	0
29	0
15	0
96	0
2	0
123	0
26	0
60	0
48	0
24	0
6	0
138	0
94	0
125	0
35	1
63	0
73	0
140	0
54	0
69	0
141	0
61	0
134	0
61	0
108	0
117	0
46	0
124	0
11	0
16	0
104	0
132	0
6	0
35	0
68	0
94	0
15	0
40	0
64	0
71	0
123	0
24	0
99	0
116	0
102	0
85	0
143	0
113	0
85	0
35	0
38	0
48	0
135	0
58	0
85	0
100	0
38	0
132	0
71	0
30	0
119	0
112	0
114	0
122	0
78	0
19	0
85	0
140	0
34	0
141	0
110	0
129	0
43	0
108	0
59	0
94	0
66	0
122	0
111	0
112	0
10	0
80	0
35	0
99	0
110	0
102	0
44	0
50	0
18	0
40	0
98	0
118	0
92	0
14	0
140	0
61	0
51	0
73	0
79	0
117	0
91	0
1	0
17	0
34	0
34	0
84	0
110	0
22	0
105	0
127	0
68	0
49	0
19	0
64	0
125	0
16	0
123	0
118	0
66	0
106	0
107	0
1	0
142	0
104	0
72	0
78	0
113	0
120	0
135	0
65	0
113	0
132	0
53	0
124	0
58	0
2	0
118	0
127	0
135	0
122	0
76	0
84	0
83	0
50	0
29	0
79	0
97	0
101	0
127	0
94	0
112	0
61	0
104	0
85	0
135	0
142	0
81	0
22	0
26	0
94	0
87	0
102	0
48	0
113	0
33	0
108	0
132	0
21	0
124	0
93	0
0	0
81	0
32	0
87	0
99	0
39	0
90	0
83	0
35	0
9	1
16	0
93	0
124	0
78	0
89	0
91	0
60	0
33	0
59	0
17	0
9	0
112	0
23	0
131	0
67	0
43	0
89	0
18	0
89	0
30	0
16	0
78	0
6	0
83	0
33	0
21	0
62	0
72	0
13	0
7	0
65	0
117	0
48	0
0	0
113	0
113	0
20	0
95	0
127	0
14	1
58	0
25	0
44	0
107	0
54	0
88	0
59	0
51	0
37	0
59	0
66	0
18	0
102	0
64	0
11	0
84	0
101	0
55	0
74	0
107	0
88	0
4	0
53	0
43	0
56	0
63	0
99	0
89	0
110	0
103	0
40	0
64	0
3	0
92	0
21	0
26	0
123	0
13	0
97	0
69	0
81	0
99	0
83	0
6	0
19	0
49	0
55	0
104	0
26	0
79	0
69	0
49	0
14	0
123	0
38	0
50	0
55	0
75	0
78	0
18	0
71	0
101	0
79	0
59	0
52	0
26	0
106	0
47	0
41	0
63	0
75	0
53	0
108	0
52	0
122	0
119	0
96	0
10	0
29	0
110	0
25	0
25	0
66	0
71	0
4	0
115	0
20	0
13	0
104	0
9	0
8	0
80	0
28	0
40	0
28	0
100	0
95	0
114	0
69	0
14	0
110	0
54	0
69	0
9	0
116	0
17	0
94	0
12	0
98	0
20	0
42	0
10	0
42	0
20	0
53	0
14	0
34	0
116	0
106	0
19	0
17	0
80	0
103	0
73	0
90	0
6	0
115	0
102	0
72	0
99	0
21	0
22	0
102	0
115	0
113	0
24	0
60	0
36	0
76	0
67	0
1	0
79	0
113	0
61	0
11	0
123	0
82	0
71	0
12	0
5	0
84	0
64	0
66	0
85	0
22	0
90	0
91	0
40	0
102	0
13	0
118	0
66	0
57	0
58	0
115	0
79	0
67	0
45	0
114	0
102	0
72	0
72	0
51	0
15	0
0	0
29	0
12	0
112	0
46	0
9	0
0	0
38	0
7	0
116	0
40	0
103	0
67	0
36	0
104	0
95	0
71	0
76	0
108	0
23	0
6	0
14	0
41	0
63	0
26	0
12	0
15	0
86	0
49	0
79	0
3	0
110	0
107	0
79	0
74	0
74	0
71	0
37	0
103	0
23	0
46	0
11	0
115	0
29	0
31	0
4	0
62	0
10	0
48	0
83	0
37	0
101	0
109	0
59	0
90	0
5	0
50	0
62	0
102	0
56	0
104	0
26	0
66	0
51	0
106	0
49	0
60	0
53	0
52	1
25	0
101	0
55	0
44	0
64	0
59	0
51	0
16	0
27	0
21	0
7	1
9	0
75	0
95	0
76	0
43	0
27	0
33	1
7	0
89	0
0	0
30	0
94	0
92	0
76	0
53	0
10	0
61	0
5	0
20	0
75	0
74	0
2	0
81	0
95	0
71	0
85	0
24	0
35	0
28	0
68	0
55	0
90	0
15	0
7	0
2	0
91	0
80	0
0	0
43	0
81	0
42	0
22	0
73	0
15	0
2	0
12	0
39	0
98	0
4	0
25	0
96	0
59	0
65	0
43	0
45	0
42	0
42	0
78	0
95	0
86	0
45	0
98	0
59	0
11	0
55	0
71	0
53	0
2	0
78	0
42	1
37	0
85	0
40	0
74	0
54	0
78	0
64	0
79	0
22	0
14	0
81	0
7	0
11	0
8	0
2	0
84	0
85	0
36	0
47	0
28	0
33	0
73	0
30	0
5	0
34	0
80	0
16	0
26	0
82	0
77	0
6	0
69	0
36	0
55	0
49	0
55	0
17	0
5	0
47	0
66	0
87	0
26	0
8	0
1	0
88	0
24	0
82	0
36	0
61	0
31	0
7	0
51	0
36	0
85	0
53	0
12	0
85	0
71	0
20	0
87	0
21	0
31	0
68	0
6	0
4	0
50	0
15	0
63	0
22	0
10	0
41	0
52	0
4	0
27	0
8	0
46	0
64	0
14	0
85	0
72	0
45	0
28	0
28	0
34	0
23	0
72	0
78	0
26	0
6	0
88	0
48	0
67	0
41	0
22	0
77	0
7	0
21	0
15	0
65	0
56	0
19	0
81	0
79	0
5	0
42	0
80	0
84	0
0	0
65	0
64	0
74	0
61	0
63	0
26	0
48	0
10	0
0	0
3	0
74	0
80	0
66	0
18	0
40	0
4	0
34	0
19	0
60	0
42	0
38	0
66	0
37	0
10	0
19	0
38	0
10	0
59	0
75	0
81	0
83	0
86	0
47	0
62	0
48	0
69	0
44	0
60	0
60	0
13	0
45	0
60	0
13	0
82	0
24	0
71	0
87	0
23	0
79	0
7	0
1	0
40	0
36	0
66	0
57	0
26	0
36	0
68	0
41	0
60	0
4	0
77	0
79	0
6	0
56	0
72	0
82	0
77	0
84	0
85	0
54	0
76	0
19	0
47	0
21	0
77	0
37	0
64	0
43	0
19	0
32	0
50	0
11	0
53	0
62	0
66	0
36	0
39	0
46	0
54	0
68	0
57	0
39	0
33	0
76	0
48	0
59	0
12	0
41	0
49	0
60	0
35	0
64	0
13	0
65	0
71	0
38	0
0	0
40	0
4	0
58	0
34	0
71	0
47	0
20	0
58	0
66	0
35	0
61	0
64	0
22	0
43	0
14	0
18	0
41	0
41	0
53	0
3	0
21	0
66	0
16	0
69	0
11	0
57	0
31	0
4	0
55	0
23	0
47	0
31	0
16	0
40	0
71	0
35	0
31	0
30	0
20	0
57	0
30	0
23	0
18	0
25	0
26	0
50	0
11	0
57	0
46	0
53	0
48	0
6	0
19	0
14	0
28	0
63	0
42	0
23	0
21	0
70	0
44	0
5	0
22	0
15	0
46	0
13	0
56	0
62	0
46	0
63	0
28	0
17	0
63	0
37	0
22	0
51	0
12	0
63	0
71	0
24	0
59	0
64	0
19	0
41	0
61	0
71	0
1	0
70	0
23	0
35	0
29	0
39	0
35	0
41	0
27	0
63	0
45	0
30	0
70	0
59	0
16	0
71	0
46	0
12	0
71	0
1	0
36	0
65	0
6	0
52	0
16	0
65	0
37	0
29	0
71	0
57	0
23	0
24	0
64	0
66	0
9	0
32	0
50	0
63	0
17	0
29	0
59	0
68	0
14	0
69	0
47	0
39	0
10	0
10	0
5	0
27	0
67	0
23	0
7	0
22	0
16	0
2	0
23	0
69	0
58	0
16	0
36	0
32	0
5	0
47	0
19	0
1	0
2	0
13	0
51	0
66	0
45	0
52	0
36	0
71	0
45	0
13	0
23	0
69	0
66	0
6	0
32	0
68	0
65	0
8	0
40	0
60	0
2	0
1	0
27	0
48	0
20	0
49	0
40	0
65	0
22	0
50	0
33	0
64	0
37	0
20	0
23	0
55	0
22	0
19	0
55	0
2	0
60	0
68	0
67	0
54	0
50	0
33	0
57	0
50	0
50	0
63	0
55	0
3	0
29	0
62	0
16	0
54	0
63	0
3	0
45	0
60	0
16	0
23	0
43	0
57	0
4	0
27	0
4	0
19	0
1	0
42	0
3	0
57	0
27	0
41	0
38	0
58	0
65	0
44	0
43	0
70	0
42	0
5	0
10	0
37	0
2	0
52	0
22	0
4	0
46	0
2	0
50	0
7	0
20	0
44	0
7	0
2	0
39	0
61	0
2	0
66	0
29	0
57	0
14	0
49	0
61	0
63	0
18	0
39	0
14	0
36	0
3	0
6	0
53	0
42	0
16	0
10	0
45	0
16	0
28	0
39	0
6	0
22	0
15	0
63	0
34	0
8	0
65	0
67	0
60	0
35	0
58	0
45	0
12	0
12	0
43	0
47	0
52	0
22	0
1	0
29	0
65	0
66	0
23	0
16	0
34	0
39	0
34	0
19	0
55	0
61	0
8	0
2	0
41	0
55	0
15	0
22	0
50	0
47	0
30	0
9	0
36	0
8	0
38	0
46	0
52	0
24	0
2	0
57	0
34	0
22	0
51	0
25	0
29	0
39	0
9	0
47	0
44	0
5	0
70	0
42	0
19	0
27	0
48	0
2	0
11	0
55	0
19	0
38	0
16	0
67	0
33	0
59	0
45	0
29	0
34	0
37	0
15	0
50	0
54	0
38	0
69	0
41	0
11	0
64	0
33	0
26	0
13	0
39	0
65	0
39	0
47	0
30	0
44	0
56	0
54	0
36	0
16	0
22	0
53	0
22	0
5	0
8	0
30	0
26	0
44	0
6	0
41	0
4	0
34	0
26	0
13	0
19	0
9	0
8	0
24	0
19	0
27	0
11	0
3	0
46	0
3	0
22	0
5	0
13	0
45	0
7	0
20	0
26	0
40	0
1	0
44	0
29	0
13	0
35	0
9	0
35	0
20	0
21	0
46	0
34	0
22	0
32	0
36	0
33	0
45	0
17	0
14	0
25	0
26	0
36	0
11	0
28	0
22	0
14	0
3	0
2	0
8	0
32	0
52	0
20	0
48	0
37	0
32	0
7	0
41	0
51	0
44	0
32	0
41	0
32	0
26	0
44	0
36	0
30	0
12	0
10	0
14	0
34	0
2	0
23	0
23	0
24	0
37	0
18	0
2	0
24	0
18	0
44	0
20	0
1	0
50	0
10	0
14	0
13	0
7	0
53	0
25	0
0	0
55	0
21	0
34	0
31	0
1	0
37	0
45	0
7	0
5	0
42	0
18	0
34	0
0	0
52	0
1	0
44	0
4	0
8	0
36	0
22	0
48	0
7	0
31	0
17	0
24	0
30	0
10	0
36	0
23	0
34	0
0	0
39	0
53	0
9	0
32	0
14	0
13	0
40	0
45	0
31	0
43	0
26	0
7	0
49	0
4	0
37	0
53	0
20	0
17	0
44	0
21	0
2	0
6	0
27	0
33	0
30	0
18	0
35	0
43	0
5	0
26	0
38	0
36	0
48	0
4	0
0	0
11	0
37	0
12	0
7	0
20	0
31	0
32	0
23	0
37	0
20	0
17	0
11	0
41	0
14	0
20	0
9	0
41	0
14	0
23	0
19	0
1	0
17	0
16	0
14	0
5	0
1	0
6	0
13	0
0	0
14	0
41	0
31	0
16	0
9	0
8	0
27	0
26	0
35	0
17	0
40	0
27	0
3	0
32	0
13	0
25	0
41	0
25	0
15	0
13	0
38	0
26	0
12	0
2	0
36	0
3	0
0	0
38	0
30	0
21	0
17	0
39	0
10	0
26	0
17	0
18	0
2	0
3	0
9	0
20	0
14	0
2	0
18	0
9	0
25	0
1	0
4	0
13	0
19	0
42	0
12	0
37	0
33	0
24	0
37	0
20	0
28	0
31	0
6	0
40	0
2	0
34	0
10	0
8	0
31	0
24	0
5	0
28	0
9	0
20	0
41	0
11	0
39	0
35	0
17	0
41	0
38	0
15	0
28	0
30	0
29	0
4	0
40	0
35	0
25	0
10	0
41	0
3	0
17	0
27	0
26	0
21	0
34	0
12	0
20	0
18	0
5	0
20	0
9	0
17	0
4	0
23	0
35	0
38	0
4	0
40	0
22	0
24	0
32	0
42	0
31	0
32	0
9	0
22	0
1	0
39	0
39	0
27	0
2	0
34	0
32	0
19	0
21	0
17	0
28	0
30	0
7	0
35	0
41	0
0	0
5	0
28	0
4	0
3	0
17	0
42	0
29	0
31	0
40	0
24	0
40	0
24	0
34	0
36	0
24	0
19	0
4	0
23	0
33	0
7	0
0	0
33	0
18	0
2	0
1	0
32	0
24	0
21	0
35	0
29	0
20	0
13	0
23	0
32	0
27	0
1	0
27	0
31	0
33	0
33	0
1	0
26	0
20	0
24	0
13	0
29	0
0	0
27	0
29	0
7	0
1	0
19	0
6	0
22	0
33	0
27	0
14	0
7	0
13	0
14	0
25	0
8	0
24	0
3	0
10	0
12	0
36	0
13	0
14	0
11	0
4	0
34	0
12	0
17	0
36	0
17	0
14	0
36	0
26	0
18	0
36	0
21	0
13	0
13	0
24	0
10	0
25	0
25	0
23	0
12	0
27	0
14	0
13	0
30	0
4	0
23	0
19	0
21	0
31	0
19	0
12	0
2	0
33	0
21	0
14	0
19	0
26	0
17	0
0	0
19	0
24	0
16	0
33	0
35	0
4	0
8	0
24	0
1	0
19	0
31	0
21	0
36	0
19	0
28	0
4	0
18	0
9	0
13	0
12	0
32	0
14	0
12	0
24	0
14	0
22	0
34	0
31	0
29	0
9	0
21	0
36	0
2	0
26	0
17	0
5	0
10	0
1	0
36	0
17	0
13	0
6	0
0	0
0	0
23	0
18	0
12	0
6	0
2	0
32	0
4	0
25	0
3	0
26	0
0	0
11	0
36	0
21	0
23	0
22	0
6	0
18	0
2	0
0	0
5	0
21	0
10	0
32	0
10	0
7	0
8	0
5	0
10	0
14	0
29	0
23	0
20	0
24	0
24	0
30	0
28	0
16	0
3	0
18	0
20	0
32	0
5	0
28	0
2	0
2	0
23	0
18	0
25	0
7	0
34	0
36	0
32	0
19	0
33	0
0	0
12	0
25	0
0	0
23	0
2	0
4	0
1	0
20	0
18	0
2	0
18	0
14	0
8	0
18	0
21	0
12	0
12	0
12	0
14	0
3	0
12	0
4	0
5	0
23	0
10	0
9	0
7	0
12	0
17	0
3	0
14	0
13	0
0	0
20	0
17	0
3	0
14	0
18	0
5	0
20	0
2	0
22	0
17	0
11	0
21	0
17	0
17	0
22	0
4	0
15	0
2	0
20	0
20	0
8	1
5	0
20	0
11	0
5	0
1	0
17	0
0	0
1	0
8	0
3	0
10	0
15	0
6	0
6	0
4	0
7	0
15	0
15	0
9	0
18	0
0	0
22	0
22	0
8	0
0	0
3	0
19	0
7	0
13	0
22	0
22	0
1	0
15	0
7	0
10	0
13	0
12	0
3	0
1	0
19	0
2	0
17	0
6	0
17	0
1	0
11	0
1	0
7	0
14	0
9	0
23	0
1	0
7	0
15	0
7	0
17	0
1	0
9	0
19	0
1	0
23	0
17	0
21	0
17	0
14	0
0	0
9	0
21	0
11	0
4	0
16	0
3	0
18	0
13	0
9	0
0	0
17	0
14	0
14	0
18	0
20	0
16	0
13	0
3	0
12	0
22	0
20	0
10	0
3	0
18	0
11	0
3	0
22	0
16	0
6	0
22	0
20	0
23	0
7	0
9	0
10	0
2	0
7	0
17	0
8	0
17	0
6	0
19	0
0	0
10	0
3	0
7	0
22	0
14	0
12	0
1	0
18	0
4	0
3	0
0	0
9	0
18	0
19	0
1	0
0	0
22	0
2	0
2	0
23	0
12	0
21	0
1	0
10	0
15	0
19	0
16	0
11	0
0	0
3	0
5	0
1	0
4	0
4	0
5	0
0	0
4	0
0	0
2	0
1	0
0	0
18	0
3	0
15	0
3	0
14	0
8	0
0	0
0	0
16	0
2	0
15	0
9	0
1	0
8	0
13	0
4	0
7	0
8	0
10	0
10	0
14	0
11	0
17	0
15	0
3	0
2	0
2	0
15	0
18	0
11	0
10	0
14	0
4	0
6	0
11	0
12	0
15	0
9	0
6	0
15	0
16	0
13	0
12	0
18	0
4	0
14	0
13	0
6	0
1	0
12	0
1	0
11	0
5	0
18	0
7	0
6	0
7	0
11	0
18	0
7	0
2	0
3	0
8	0
0	0
14	0
16	0
8	0
9	0
12	0
10	0
15	0
2	0
2	0
16	0
10	0
1	0
4	0
12	0
6	0
12	0
4	0
16	0
15	0
17	0
16	0
5	0
10	0
15	0
5	0
9	0
4	0
4	0
13	0
18	0
16	0
4	0
9	0
2	0
9	0
2	0
5	0
8	0
3	0
0	0
17	0
5	0
11	0
1	0
16	0
0	0
11	0
4	0
8	0
8	0
13	0
1	0
10	0
0	0
8	0
9	0
2	0
14	0
9	0
18	0
8	0
2	0
2	0
5	0
4	0
9	0
14	0
7	0
4	0
11	0
16	0
18	0
5	0
11	0
3	0
1	0
5	0
10	0
4	0
0	0
8	0
16	0
4	0
1	0
3	0
3	0
4	0
4	0
6	0
15	0
16	0
0	0
11	0
11	0
16	0
5	0
4	0
2	0
2	0
0	0
17	0
6	0
18	0
15	0
11	0
16	0
16	0
2	0
14	0
12	0
15	0
17	0
10	0
8	0
18	0
16	0
12	0
6	0
16	0
3	0
5	0
11	0
4	0
16	0
16	0
3	0
8	0
11	0
11	0
4	0
12	0
13	0
5	0
9	0
2	0
13	0
8	0
5	0
7	0
1	0
8	0
15	0
0	0
14	0
14	0
7	0
14	0
11	0
3	0
4	0
14	0
2	0
8	0
3	0
13	0
13	0
1	0
14	0
1	0
0	0
1	0
2	0
12	0
9	0
6	0
1	0
1	0
2	0
7	0
14	0
4	0
13	0
2	0
13	0
2	0
8	0
13	0
3	0
11	0
4	0
2	0
7	0
2	0
9	0
0	0
13	0
1	0
14	0
4	0
13	0
4	0
15	0
4	0
6	0
2	0
5	0
6	0
2	0
8	0
10	0
4	0
14	0
9	0
2	0
6	0
12	0
1	0
8	0
11	0
12	0
4	0
10	0
1	0
4	0
6	0
12	0
2	0
11	0
2	0
5	0
9	0
11	0
2	0
5	0
3	0
3	0
2	0
6	0
15	0
14	0
10	0
1	0
14	0
14	0
8	0
4	0
1	0
10	0
8	0
14	0
1	0
9	0
9	0
13	0
6	0
7	0
1	0
0	0
5	0
5	0
15	0
14	0
11	0
14	0
11	0
13	0
8	0
3	0
3	0
3	0
2	0
6	0
7	0
6	0
12	0
7	0
12	0
7	0
4	0
14	0
13	0
4	0
12	0
3	0
1	0
2	0
10	0
0	0
8	0
3	0
1	0
7	0
6	0
0	0
7	0
8	0
3	0
12	0
15	0
3	0
15	0
7	0
14	0
5	0
13	0
4	0
7	0
12	0
6	0
9	0
10	0
14	0
8	0
3	0
5	0
15	0
11	0
12	0
1	0
15	0
9	0
6	0
4	0
9	0
5	0
2	0
3	0
0	0
